0 0.5642181153846153 0.29016350721153844 0.5603629086538462 0.28881374759615386 0.5412717355769231 0.49842922115384614 0.490309875 0.65405475 0.6537304134615384 0.6373859326923077 0.6405623413461539 0.521948875 0.7471159134615385 0.649736423076923 0.7668058533653846 0.49333468509615386 0.657426110576923 0.40738925 0.5642181153846153 0.29016350721153844
0 0.4666878601588499 0.47007600138259575 0.11327451049629247 0.188333655481563
0 0.5166059228464904 0.05414847843133335 0.29945009604236006 0.1082969568626667
0 0.5044636056020015 0.16208955569259897 0.10508185082218077 0.17572575198478826
0 0.30720016015735785 0.4431671156075877 0.07515666200827908 0.10164812494425682
0 0.438037335456962 0.6526945762093982 0.062401689512659786 0.062401689512659925
0 0.38584029838547956 0.4282782540661421 0.04518231795070736 0.056220427507364744
0 0.25357980304635386 0.4088262862388573 0.02678560093366687 0.03561608857899291
0 0.29002875364257813 0.7664106904343903 0.04832190583094204 0.0946819659689032
0 0.1261277934792521 0.15183515290950284 0.09561393193780648 0.08899106620381197
0 0.0771183093351771 0.29255806666467726 0.03875567645922757 0.06524713939520534
0 0.31912266736791156 0.038596913747714186 0.0847720466236637 0.07719382749542837
0 0.9368369993087021 0.13768461185352343 0.12338065408404694 0.1366263855520356