0 0.44714357945719646 0.5304914071145485 0.08607102017204199 0.07547025437006943
0 0.41592802069330115 0.46839699070902374 0.07519556270273962 0.053723753855943704
0 0.42134204088706223 0.4166863271189538 0.08707478537709051 0.051459764113985514
0 0.39662612583986157 0.34610852096902356 0.06429639669254687 0.0728146666748247
0 0.3997063039272165 0.2932239055844082 0.027982396735985196 0.026749991798461374
0 0.42695309737746767 0.21723702455566707 0.06189255053870072 0.07278669539244721
0 0.4433362876288613 0.18341535070755527 0.004947700402572044 0.0024597887186013933
0 0.46361711757122875 0.16516273429468825 0.055404761092451175 0.04388459898153813
0 0.5079482633225029 0.1670491117245487 0.04508933600266774 0.03175348308279695
0 0.5217187168529611 0.26057534146552785 0.030806267174470554 0.033989501542377454
0 0.5017156599498923 0.029675773300945545 0.0566648339463692 0.05935154660189109