0 0.5384615384615384 0.3125 0.17668269230769232 0.15504807692307693
0 0.27283653846153844 0.23798076923076922 0.0733173076923077 0.04567307692307692
0 0.328125 0.3485576923076923 0.05889423076923077 0.07572115384615384
0 0.18269230769230768 0.37740384615384615 0.06490384615384616 0.038461538461538464
0 0.6478365384615384 0.8028846153846154 0.0829326923076923 0.056490384615384616
0 0.515625 0.8341346153846154 0.078125 0.040865384615384616
0 0.6033653846153846 0.546875 0.040865384615384616 0.027644230769230768
0 0.6045673076923077 0.5913461538461539 0.036057692307692304 0.03485576923076923
0 0.7524038461538461 0.46033653846153844 0.037259615384615384 0.036057692307692304
0 0.37259615384615385 0.4254807692307692 0.038461538461538464 0.025240384615384616
0 0.3137019230769231 0.5084134615384616 0.052884615384615384 0.036057692307692304