0 0.47836538461538464 0.4639423076923077 0.08052884615384616 0.07451923076923077
0 0.44350961538461536 0.5264423076923077 0.07091346153846154 0.052884615384615384
0 0.44591346153846156 0.578125 0.08413461538461539 0.05048076923076923
0 0.4170673076923077 0.6490384615384616 0.06009615384615385 0.07211538461538461
0 0.4170673076923077 0.7019230769230769 0.026442307692307692 0.026442307692307692
0 0.43990384615384615 0.7776442307692307 0.056490384615384616 0.07211538461538461
0 0.4543269230769231 0.8112980769230769 0.003605769230769231 0.002403846153846154
0 0.4735576923076923 0.8293269230769231 0.051682692307692304 0.04447115384615385
0 0.5180288461538461 0.8269230769230769 0.04447115384615385 0.03125
0 0.5372596153846154 0.7331730769230769 0.030048076923076924 0.03365384615384615
0 0.5036057692307693 0.9675480769230769 0.051682692307692304 0.06490384615384616