0 0.3894230769230769 0.29447115384615385 0.02403846153846154 0.025240384615384616
0 0.08052884615384616 0.24639423076923078 0.021634615384615384 0.02283653846153846
0 0.10336538461538461 0.24519230769230768 0.026442307692307692 0.03365384615384615
0 0.13942307692307693 0.2608173076923077 0.054086538461538464 0.05048076923076923
0 0.21754807692307693 0.28966346153846156 0.15745192307692307 0.037259615384615384
0 0.19951923076923078 0.31971153846153844 0.09375 0.036057692307692304
0 0.20673076923076922 0.3473557692307692 0.07091346153846154 0.039663461538461536
0 0.22115384615384615 0.375 0.051682692307692304 0.026442307692307692
0 0.3088942307692308 0.40384615384615385 0.14182692307692307 0.040865384615384616
0 0.5841346153846154 0.21514423076923078 0.016826923076923076 0.02403846153846154
0 0.7956730769230769 0.03365384615384615 0.014423076923076924 0.018028846153846152
0 0.055288461538461536 0.13581730769230768 0.03365384615384615 0.027644230769230768
0 0.06610576923076923 0.109375 0.030048076923076924 0.02283653846153846
0 0.6538461538461539 0.28846153846153844 0.13341346153846154 0.042067307692307696