0 0.39557382542578484 0.7888135898583152 0.25710395020978144 0.11269386722608378
0 0.46405983180200094 0.49405269519092276 0.3385865190030042 0.49410506990852454
0 0.5023156086856585 0.19461104725116443 0.16783320012909625 0.07007868241705481
0 0.5412311091626244 0.12466356209426589 0.0795836399641292 0.10402226939213956
0 0.6909529033027932 0.6654034270826006 0.10125411809933027 0.07459379508695517
0 0.6816093281333545 0.5894090443822244 0.09662857836111928 0.0766333361018383
0 0.6680955946494088 0.5214638180813466 0.0380255078214042 0.06024244366504975
0 0.695015473365543 0.7505578129746575 0.09742891414021725 0.024113025856185945
0 0.792090916700707 0.35997151454179643 0.3507463619580244 0.21300135972742057
0 0.8475091560910482 0.49203818259271553 0.20611258602115312 0.07058927737491388
0 0.8654662767437229 0.5555400217248643 0.17744858474448086 0.07080729269498101
0 0.837041060978964 0.6693031953594383 0.072990284712207 0.04855165528419647
0 0.8702022435502439 0.6180400217248643 0.08777766677424682 0.05445226300877829
0 0.7711806533691881 0.13133290107218945 0.3356305375076069 0.17122521226462803
0 0.6595853791931001 0.20413819439836148 0.08908859751120374 0.040211338655182886
0 0.9869079143015876 0.3674964028329727 0.02618417139682477 0.233683671880936
0 0.984375 0.1418991695103974 0.03125 0.13698336801864508