0 0.81116954635233 0.27998023073744727 0.033825101482207194 0.056015813362072696
0 0.6735409801517925 0.6257124409611118 0.04618021505346503 0.063507102525
0 0.6441547270507268 0.7658059146284728 0.0286815263724881 0.04869237461997855
0 0.5574153629867282 0.8456064040196587 0.03108537252633398 0.04874832476025622
0 0.535421845457605 0.7753073890852035 0.04002899153766461 0.03454904839829053
0 0.48221791690770044 0.5225948122207803 0.04070075714171873 0.04897212532136759
0 0.3619366676238646 0.5992081534942311 0.059931526372487824 0.04941972644358991
0 0.3651439457309071 0.7111828251390494 0.03645286950407139 0.06087945581004288
0 0.3801730441579431 0.41433580020918837 0.03796102818584552 0.04170463671955132
0 0.279725271681488 0.2459526592813037 0.041372522745772716 0.06339520224444452
0 0.17577043519888225 0.28203631678103647 0.043328525163582925 0.053835767769337704
0 0.06077750493434615 0.7101147477785257 0.06496314054819827 0.054339319031837564
0 0.002214364225073296 0.7108400897240384 0.004428728450146592 0.06317140168333342
0 0.13438134281637154 0.6023343267764425 0.026165719284632755 0.04623257832585473
0 0.2163360339151588 0.5994289392381946 0.04036487433969167 0.04176058685982899