0 0.5832278863900974 0.6673512308426539 0.04573395814521401 0.03896502154433534
0 0.541425772311669 0.5023241426332835 0.12425837090041779 0.10233213129804114
0 0.4796332759888705 0.5688626246755917 0.0742397380526453 0.10895627282965001
0 0.5907548853962582 0.29752254982125514 0.1120528116534632 0.17425171693678257
0 0.7214402683505133 0.33147093650538023 0.048445895221057904 0.04380068513440541
0 0.8867397380526453 0.11841056627328123 0.0673685735298294 0.03921676308573385
0 0.7114900370133745 0.11997443189048511 0.0551952972995999 0.03667306051999967
0 0.04286613320271492 0.12540558359447532 0.056889797370588226 0.06311536821230736
0 0.08314393417951617 0.22916256616314643 0.023021024533605976 0.021886356926013824
0 0.3171767178351374 0.3952254338858024 0.04046412945452497 0.03169754051804178
0 0.23855036895533416 0.030399402083425096 0.16685053860351545 0.05478666258629268