0 0.20317453590104873 0.2992590198341716 0.0661430513896315 0.052082105062895886
0 0.22763109670435192 0.3430978503279673 0.0383898129603671 0.06465663645398537
0 0.24727996519996281 0.38662858989976506 0.04097581168369484 0.06721452806883053
0 0.2725741439412259 0.4353521354317525 0.033946425791637966 0.06915623783967981
0 0.2949000874449053 0.47543115123377994 0.049098112992641156 0.07969589522105817
0 0.32307284454728796 0.4542891128432301 0.029503038622908824 0.07365583922537411
0 0.4267100386086184 0.5370193351648364 0.04097581168369484 0.06721452806883053
0 0.3712573558759681 0.551582158446206 0.08311626428545055 0.08666022398273572
0 0.307353929445994 0.6139138138825009 0.04982672327056743 0.0893112798364428
0 0.2763578075166469 0.6723154676576661 0.0579848873300995 0.07069669244966931
0 0.5528152077676942 0.8651567918618865 0.03689672965392887 0.07652182176221728
0 0.5714801685064492 0.9376107080103376 0.03798964507081838 0.09094489868529419
0 0.5820780414704132 0.9736130463128612 0.035039341208527475 0.05277390737427778
0 0.7808715007782708 0.8519928344265575 0.03485718863904562 0.08117546860891058
0 0.8109195777013477 0.8539184026890445 0.049462418131604124 0.08450358752875022
0 0.8070727050744149 0.07587475916461009 0.04210458985117017 0.05054165045290636
0 0.8299451062865392 0.10874223650509912 0.028045818067056416 0.05442506999460495