0 0.31850961538461536 0.09495192307692307 0.15985576923076922 0.140625
0 0.1466346153846154 0.20432692307692307 0.20192307692307693 0.1658653846153846
0 0.0673076923076923 0.39663461538461536 0.1346153846153846 0.24519230769230768
0 0.17668269230769232 0.4651442307692308 0.20192307692307693 0.046875
0 0.3293269230769231 0.2283653846153846 0.20192307692307693 0.13341346153846154
0 0.5120192307692307 0.2548076923076923 0.2776442307692308 0.09134615384615384
0 0.515625 0.22355769230769232 0.052884615384615384 0.07932692307692307
0 0.6850961538461539 0.3269230769230769 0.15745192307692307 0.07211538461538461
0 0.9543269230769231 0.32572115384615385 0.09014423076923077 0.042067307692307696
0 0.3954326923076923 0.38822115384615385 0.09615384615384616 0.038461538461538464
0 0.16826923076923078 0.3798076923076923 0.06009615384615385 0.03485576923076923
0 0.21634615384615385 0.328125 0.04326923076923077 0.025240384615384616
0 0.5793269230769231 0.5865384615384616 0.051682692307692304 0.03245192307692308
0 0.5757211538461539 0.43149038461538464 0.1502403846153846 0.078125
0 0.765625 0.45072115384615385 0.039663461538461536 0.09375
0 0.6646634615384616 0.38341346153846156 0.10576923076923077 0.06129807692307692
0 0.8509615384615384 0.3401442307692308 0.0889423076923077 0.051682692307692304
0 0.7235576923076923 0.5036057692307693 0.057692307692307696 0.028846153846153848
0 0.4735576923076923 0.4338942307692308 0.07091346153846154 0.06009615384615385
0 0.09254807692307693 0.046875 0.056490384615384616 0.03365384615384615
0 0.20673076923076922 0.09615384615384616 0.07932692307692307 0.0625
0 0.030048076923076924 0.10817307692307693 0.06009615384615385 0.07692307692307693
0 0.4675480769230769 0.05048076923076923 0.11899038461538461 0.04447115384615385
0 0.5709134615384616 0.09615384615384616 0.12740384615384615 0.08533653846153846
0 0.5048076923076923 0.12379807692307693 0.06490384615384616 0.054086538461538464
0 0.43028846153846156 0.11298076923076923 0.052884615384615384 0.04927884615384615
0 0.6538461538461539 0.056490384615384616 0.08774038461538461 0.040865384615384616
0 0.6574519230769231 0.12980769230769232 0.08052884615384616 0.03485576923076923
0 0.7295673076923077 0.2439903846153846 0.11899038461538461 0.06009615384615385
0 0.9639423076923077 0.24759615384615385 0.07211538461538461 0.0889423076923077
0 0.22355769230769232 0.018028846153846152 0.038461538461538464 0.036057692307692304
0 0.35697115384615385 0.30288461538461536 0.046875 0.06610576923076923