0 0.4539686985873469 0.45614926265087014 0.038699286314389965 0.04243257221401574
0 0.3189757144409628 0.5265382653999254 0.029097886866820133 0.044444621468204173
0 0.031094560443738397 0.4385325570050439 0.03145977751722195 0.037331032231580144
0 0.10434033958667326 0.860927925651008 0.02918179787370895 0.0588676983912811
0 0.2754633459452719 0.15700506990406918 0.0195384429226948 0.05366820918393094
0 0.3816163674742602 0.29327132939537626 0.029153827538079415 0.05406000608358879
0 0.6550456728576286 0.5933542200657489 0.029139842370264766 0.05165615992974264
0 0.7418568451684787 0.5429530479688287 0.017008730258515434 0.03193564457440113
0 0.724751020090409 0.3850338210018408 0.026652085209529622 0.03713513378175129
0 0.21027280385122243 0.20892854513060546 0.029013975859931415 0.030021544545127253
0 0.06520991713547283 0.3578343447793185 0.04107516213260654 0.03772282913123785
0 0.12296595943809653 0.13798446107075207 0.021746496727133743 0.020112312254999286