0 0.5175013894230769 0.3308708004807693 0.5138774519230769 0.3292390048076923 0.4658774158653846 0.5361281201923077 0.39386990144230766 0.6869590288461538 0.5577529807692307 0.6826998245192308 0.5607738725961539 0.5669807283653846 0.6483632307692309 0.70200721875 0.6895613677884616 0.5480497980769231 0.5933640673076923 0.4543953605769231 0.5175013894230769 0.3308708004807693
0 0.39607906930601805 0.5023323176044733 0.10905829942367481 0.18086185341886818
0 0.5066870688933546 0.06804420787719868 0.29630199177480543 0.13608841575439737
0 0.4762200892608687 0.19908408785667323 0.10114672048773753 0.16880066714619305
0 0.24213920287153415 0.4635778919739736 0.07290801610288303 0.09654543085266044
0 0.34237923546824456 0.6816705890866781 0.06105250196942217 0.05802795171986283
0 0.3219561542805364 0.45470291989762374 0.043945562702739485 0.053122363237466885
0 0.19389856315884124 0.4254100420365458 0.02599857486677825 0.03379369783199415
0 0.18024889548329426 0.7835411634561784 0.046185692220815804 0.09158390169900535
0 0.10360022687382478 0.1604003894203969 0.0937025829182198 0.08224822043991672
0 0.03559361566696406 0.2965673263080745 0.03729405662072012 0.06269579234940714
0 0.31189367211393115 0.049850635323953965 0.08252340071826758 0.09660137152391964
0 0.9070804374492943 0.20739105792622498 0.12040119825939673 0.12806114904114158