0 0.44445041193433243 0.46486604218741934 0.077849504416322 0.08389905739277409
0 0.5083706756955919 0.42819170869174283 0.055823092132048766 0.0736541697626138
0 0.5599554187783699 0.42909174208806955 0.05390899210277489 0.08560345575242514
0 0.6320442710158047 0.3981822172490401 0.07456411523824585 0.06219449722873914
0 0.6849288864004202 0.3966434321018109 0.027519749166366674 0.027211700265922352
0 0.7597195226098866 0.41727671001163485 0.07446616601333143 0.05979065107489298
0 0.7927856734142462 0.4307205600228387 0.0025997446036750095 0.004877637087111872
0 0.8100309257687767 0.4494267434079616 0.04542411371734873 0.05414362141416645
0 0.8058150189540132 0.4939678420335349 0.03301308604846025 0.044178512901684286
0 0.7112814251546976 0.5159264576616651 0.034829236852819564 0.029825380758026928
0 0.9470277143035001 0.4754529955144167 0.06705872910196412 0.054773124428942256