0 0.4506869922817663 0.23215460056114529 0.09683911937677109 0.12451219345610677
0 0.4347908842196766 0.5974804392881252 0.028986005524301844 0.026055581113755173
0 0.566514544517996 0.9125194320400524 0.21514503212438024 0.17496113591989534
0 0.7874648043833782 0.7098464920518855 0.11586011109031838 0.0897992475319435
0 0.80970078198403 0.8147247163487403 0.12574121389418408 0.13614469764678488
0 0.9816895569082031 0.8983182667854095 0.03662088618359368 0.20336346642918102
0 0.6858793232437824 0.1825219745286069 0.021830407734022665 0.03516668583531631
0 0.14605583363060018 0.3237875209533909 0.019398591244546768 0.03019090022968289
0 0.11324270025594065 0.8789584291765815 0.01453495826559528 0.020239329018416186
0 0.9532376826976677 0.29252648444622625 0.06304542154477707 0.09812042574646937
0 0.8547647027520137 0.5067044587355155 0.03886710832816767 0.07240103122859655