0 0.34975961538461536 0.25 0.10697115384615384 0.07091346153846154
0 0.4026442307692308 0.15504807692307693 0.04567307692307692 0.04927884615384615
0 0.2283653846153846 0.1346153846153846 0.0625 0.04447115384615385
0 0.3112980769230769 0.296875 0.057692307692307696 0.0673076923076923
0 0.4110576923076923 0.4831730769230769 0.11057692307692307 0.08774038461538461
0 0.42788461538461536 0.37740384615384615 0.11177884615384616 0.0889423076923077
0 0.5444711538461539 0.6610576923076923 0.109375 0.08653846153846154
0 0.5997596153846154 0.7608173076923077 0.0673076923076923 0.06129807692307692
0 0.5865384615384616 0.4050480769230769 0.09975961538461539 0.04326923076923077
0 0.5060096153846154 0.4483173076923077 0.03365384615384615 0.12860576923076922
0 0.4230769230769231 0.7475961538461539 0.07211538461538461 0.10697115384615384
0 0.4182692307692308 0.5661057692307693 0.1814903846153846 0.09735576923076923
0 0.31850961538461536 0.3473557692307692 0.125 0.052884615384615384