0 0.8968674603971691 0.4076363935306549 0.02437416238012811 0.01624460261789264
0 0.7710551784240922 0.33047878932049446 0.04455608399561966 0.0585672077891298
0 0.5899544349125537 0.2575106942084103 0.03443714811773505 0.036203982126588215
0 0.5989304126709405 0.43623292753098564 0.019678370352991418 0.020687989786621914
0 0.381688051641293 0.36239135173035575 0.02504556406346153 0.04509075646404662
0 0.5138406251454062 0.19464780847772373 0.038853189443482976 0.019741364188628305
0 0.23870812105438038 0.015659443342309072 0.03443714811773505 0.031318886684618144
0 0.4202695298957806 0.7784747516658077 0.021970316226282094 0.01606245004841119
0 0.4662752928433766 0.6341156239914354 0.02437416238012811 0.016244602617892775
0 0.47044056347692365 0.6578808566756746 0.019566470072435803 0.015880297478929606
0 0.29258392316244713 0.6725620698942342 0.07323438742094023 0.05354150016137009