0 0.45978652839830225 0.53055492826713 0.038699286314389965 0.041312925133426256
0 0.32479354425191814 0.4640846903001379 0.029097886866820133 0.04360488615776207
0 0.036912390254693735 0.5604877517994404 0.03145977751722195 0.03642131897860123
0 0.1101581693976286 0.13588807796356572 0.02918179787370895 0.05802796308083899
0 0.2812811757562273 0.834947466704194 0.01953844292269473 0.05310838564363634
0 0.3874341972852155 0.6955671887699976 0.029153827538079415 0.053220270773146824
0 0.660863502668584 0.38747182367915667 0.029139842370264492 0.050816424619300395
0 0.7476746749794341 0.4353537898447506 0.017008730258515434 0.0314457989766432
0 0.7305688499013645 0.5937978513807647 0.026652085209529622 0.03636537641384599
0 0.2160906336621778 0.7849133959261525 0.029027961027746203 0.03158565538853143
0 0.07102774694642817 0.64020627282965 0.04107516213260656 0.036533204108111436
0 0.12878378924905187 0.8584116748886006 0.021746496727133743 0.01948251077216767