0 0.8573936269567664 0.7447775112902204 0.15051723458719152 0.16840325743443182
0 0.7359999561539754 0.9011217544966958 0.1799852216424398 0.19775649100660841
0 0.5381451850142258 0.9495016374864207 0.25460553237701117 0.10099672502715862
0 0.4772838146859319 0.8607180664842093 0.06219676010397798 0.20528494288189975
0 0.72473658525904 0.72463102556218 0.14873522164243952 0.21133630160778039
0 0.7110693682102582 0.5400896915925197 0.11084497640732521 0.2852336991679167
0 0.7425715081571698 0.5386691352349853 0.08302497563162785 0.05843169421667268
0 0.651056701046635 0.3619699695773627 0.0832095422794992 0.1636966450920801
0 0.6710850734929645 0.09282324699556412 0.04965677609099391 0.0943718332090942
0 0.5695033817216518 0.6473470520183255 0.04518527037918369 0.09884333892090424
0 0.5620320266046764 0.8750988400995809 0.037856178602374405 0.06244946001732971
0 0.6170765848711913 0.8306359229283923 0.027064140901401856 0.04495016374864218
0 0.38404521132184055 0.44958512416895147 0.03735189870855106 0.05523792155579125
0 0.5388411482980058 0.46403291111692363 0.08734486139542706 0.1544174470725777
0 0.5328897496045859 0.2727843185795484 0.09643949276705809 0.045017177081242574
0 0.5931375233987507 0.3784524693834385 0.06989610510940981 0.11013965651570026
0 0.6494339847584191 0.19518007182330194 0.05910406740843727 0.0926403602470126
0 0.47706350150600074 0.3111535737171512 0.03288039299674098 0.059709427267601325
0 0.5292933369816616 0.5660282793574439 0.0651389527843878 0.07631771706391287
0 0.8896697800272231 0.9720390543894198 0.037688085304433426 0.055921891221160265
0 0.8483753655255806 0.856472310795096 0.06804707883205743 0.0836973488233923
0 0.8240012773576768 0.9997884834614739 0.08112540937160517 0.000423033077052373
0 0.9122865652752703 0.5988487757636698 0.051673895666287266 0.12321798705524802
0 0.873841500163662 0.4922896184874036 0.09544740632934151 0.13345520487972679
0 0.8415747037010501 0.5564623147918499 0.057423134429025864 0.06860189870855106
0 0.8471811191571829 0.6317379654018158 0.05177497563162785 0.0562464813434382
0 0.9193041804810925 0.41213046559574 0.04691674334126525 0.08939604760346075
0 0.8462390127356965 0.40339785077776635 0.039369018283844835 0.0840840754019451
0 0.7370991193662382 0.3232980345101779 0.06850081874321035 0.12439464014083594
0 0.7498824466847291 0.08867089456326625 0.09398510663054165 0.07833483663920643
0 0.9276770186111686 0.8451084199012596 0.0387471850747504 0.0409829379306553
0 0.6521504274161322 0.691775902556774 0.07066955826651486 0.0527835354192748