0 0.10096153846153846 0.7290334731105345 0.1466346153846154 0.19657432385228246
0 0.013221153846153846 0.973172996020885 0.026442307692307692 0.05365400795823005
0 0.2536057692307692 0.8003131334635494 0.014423076923076924 0.01965043790728607
0 0.2932692307692308 0.6861782753723583 0.014423076923076924 0.02926582252267096
0 0.45913461538461536 0.7174097779001044 0.016826923076923076 0.03414345960978256
0 0.20552884615384615 0.42070241366732425 0.036057692307692304 0.07797224861436956
0 0.5180288461538461 0.6592057461889418 0.028846153846153848 0.02968549119918807
0 0.65625 0.5037416136800125 0.021634615384615384 0.02466796455323707
0 0.6310096153846154 0.24365872617160955 0.02403846153846154 0.043968678563425866
0 0.8984375 0.6881438533653846 0.9933035721153847 0.6903438485576923 0.9883432548076924 0.47884796874999996 0.8816964278846153 0.4993121850961538 0.8252728173076923 0.601813733173077 0.7694692451923076 0.5984771322115384 0.7713293653846154 0.6860552860576923 0.8500744038461538 0.6878976346153846 0.904017858173077 0.7913214278846153 0.9207589278846153 0.7337906610576923 0.8984375 0.6881438533653846
0 0.8052884615384616 0.7806550373560027 0.016826923076923076 0.019720382686705635
0 0.7548076923076923 0.7472681084930433 0.01201923076923077 0.03640741620478986
0 0.7271634615384616 0.707207088840983 0.016826923076923076 0.043758844225167175
0 0.7199519230769231 0.6172726924100107 0.04326923076923077 0.07818208295262799
0 0.9819711538461539 0.3308025576071304 0.014423076923076924 0.03407351483036326
0 0.8725961538461539 0.24744658353225654 0.02403846153846154 0.029545601640348942
0 0.9326923076923077 0.607476810200615 0.08173076923076923 0.09132043019257097
0 0.8509615384615384 0.6567299327008782 0.04807692307692308 0.04466812635762096
0 0.9014423076923077 0.5975687846407609 0.10096153846153846 0.07024537304331169
0 0.8870192307692307 0.7193826840865086 0.026442307692307692 0.04163477718899928
0 0.7211538461538461 0.6256511815587626 0.02403846153846154 0.03916098625573356