0 0.24973300222066094 0.7216840676449549 0.06417888314864174 0.04989548734183011
0 0.2759082102348302 0.6804211249159716 0.03583639424708041 0.06347922691187308
0 0.29727572594130713 0.6390182926281492 0.038324184558358655 0.0659530178451388
0 0.3244849687175353 0.5929826299811833 0.03119659025425228 0.06814702966072653
0 0.34838224681400654 0.5552555117035497 0.04595544380705755 0.07818208295262813
0 0.37562202400191913 0.5788614427387028 0.026556786261424145 0.07281483240957971
0 0.4823527830428084 0.5063227763561365 0.038324184558358655 0.0659530178451388
0 0.42763666340052925 0.48672017266535145 0.07977717827576788 0.08396900217219365
0 0.36643396830191616 0.41890075633880425 0.0462912204367859 0.08779746756801274
0 0.3378930566738063 0.3580352099190358 0.05523505179271382 0.06884647745492149
0 0.6214705667984416 0.19218470968524054 0.03385226888039456 0.07542851290168442
0 0.6430326756926565 0.12197069594097412 0.03435593382498708 0.08985158982476131
0 0.6556929253096597 0.07190959538672194 0.0317002551988448 0.08257010658380336
0 0.8483974630704492 0.22640374971990523 0.031616311041412576 0.08016626042995717
0 0.8784455399935259 0.22727805946264912 0.046123332121921726 0.08298977526032043
0 0.8429755586866576 0.9874499684811929 0.0401404216101802 0.025100063037614227
0 0.8671246692554251 0.9689823769201081 0.02588523300196745 0.05358406317881048