0 0.9334157990634139 0.6551561751639394 0.13316840187317233 0.16511448951402377
0 0.8403960616477876 0.8302136626275269 0.1764477246629218 0.20674926670302304
0 0.6522457172159134 0.9151361680580107 0.25224720105733256 0.14174975211617472
0 0.5780040009722154 0.8077545942714668 0.05865926312446025 0.2033219725114671
0 0.806783101971078 0.6482208027294144 0.1451977246629218 0.2058399845705695
0 0.7707662961405225 0.4662978876107213 0.10595986153084798 0.28150405546409524
0 0.8018273257825309 0.4617828362474985 0.08209848832746867 0.0551927931054591
0 0.6895803343415347 0.2953193079163835 0.08043008036702085 0.16075218953643144
0 0.6766724706884081 0.03617807311687852 0.048056479838354704 0.07235614623375704
0 0.643462876177127 0.5867663613300425 0.04350074800798472 0.09727296262455837
0 0.6637814702690681 0.8136850161405358 0.036803352120374964 0.061075380758026925
0 0.712944557803537 0.7641042803060932 0.026306105834362478 0.043968678563425866
0 0.4355080802272409 0.40864257486292127 0.03642541140439161 0.05386384229648847
0 0.5907451275083095 0.40773690582113215 0.08473385172006864 0.15127669447988581
0 0.5615619194233089 0.2183926179026421 0.09576568381857861 0.04118938485889929
0 0.6341607817547698 0.31739570254043425 0.06804313050109091 0.10758779503413808
0 0.6676665440277609 0.1298386195878062 0.057545884215078155 0.09048109283953691
0 0.5108819582152638 0.261998710742179 0.031869679574021634 0.05853164504534178
0 0.5936954414975626 0.5099703121390132 0.06387556100598861 0.07386400410087236
0 0.9912034221365301 0.8797188180370876 0.01759315572693974 0.05626768845033489
0 0.9454196326043356 0.7669699937074952 0.06665734787581812 0.08114548734183039
0 0.9426599493767 0.9440024099122852 0.08007258288960574 0.062334386787578265
0 0.9763198661407664 0.5048237352062169 0.04736026771846724 0.12145131372185876
0 0.9263336264471703 0.4027873013998029 0.09321541418750293 0.12992185821294855
0 0.9021538522411213 0.4696974355938965 0.05628608182846652 0.06644263130107533
0 0.9168765473319248 0.5439019148557395 0.050848488327468674 0.05428351097300558
0 0.961650769751822 0.3187005202316887 0.04540067320718622 0.08772752278859318
0 0.8881444917015225 0.3172280667732145 0.037937174268325435 0.08270999614264231
0 0.7701823922339955 0.2484350591802566 0.06639516577921147 0.12194092717779544
0 0.7542935497337636 0.025758323538169543 0.09272171485214259 0.05151664707633909
0 0.730815098457244 0.6227448601221883 0.06982729708091558 0.05003537690066924