0 0.23677884615384615 0.33774038461538464 0.09375 0.24879807692307693
0 0.5384615384615384 0.42908653846153844 0.4699519230769231 0.30408653846153844
0 0.8425480769230769 0.49038461538461536 0.056490384615384616 0.1622596153846154
0 0.9158653846153846 0.5348557692307693 0.0985576923076923 0.0733173076923077
0 0.38341346153846156 0.6442307692307693 0.0673076923076923 0.09735576923076923
0 0.45913461538461536 0.640625 0.06971153846153846 0.09254807692307693
0 0.5264423076923077 0.6322115384615384 0.05889423076923077 0.03365384615384615
0 0.2980769230769231 0.6418269230769231 0.016826923076923076 0.09735576923076923
0 0.6983173076923077 0.7692307692307693 0.18870192307692307 0.33653846153846156
0 0.5697115384615384 0.8149038461538461 0.055288461538461536 0.20192307692307693
0 0.5072115384615384 0.828125 0.056490384615384616 0.17307692307692307
0 0.390625 0.7908653846153846 0.04447115384615385 0.06971153846153846
0 0.44471153846153844 0.828125 0.04927884615384615 0.08413461538461539
0 0.9266826923076923 0.765625 0.1466346153846154 0.3245192307692308
0 0.8449519230769231 0.6478365384615384 0.03245192307692308 0.08774038461538461
0 0.7067307692307693 0.9795673076923077 0.22956730769230768 0.037259615384615384
0 0.9326923076923077 0.984375 0.13341346153846154 0.03125