0 0.7391826923076923 0.17668269230769232 0.055288461538461536 0.03125
0 0.390625 0.2980769230769231 0.06370192307692307 0.042067307692307696
0 0.25 0.32091346153846156 0.04927884615384615 0.026442307692307692
0 0.16826923076923078 0.40384615384615385 0.04807692307692308 0.028846153846153848
0 0.23798076923076922 0.42908653846153844 0.03365384615384615 0.039663461538461536
0 0.4891826923076923 0.49399038461538464 0.04807692307692308 0.039663461538461536
0 0.4098557692307692 0.6105769230769231 0.04927884615384615 0.057692307692307696
0 0.2980769230769231 0.6021634615384616 0.06009615384615385 0.03485576923076923
0 0.5949519230769231 0.6009615384615384 0.040865384615384616 0.036057692307692304
0 0.7608173076923077 0.7091346153846154 0.06370192307692307 0.039663461538461536
0 0.7223557692307693 0.8112980769230769 0.051682692307692304 0.040865384615384616
0 0.2920673076923077 0.90625 0.051682692307692304 0.06370192307692307
0 0.28966346153846156 0.9783653846153846 0.0625 0.030048076923076924
0 0.4014423076923077 0.8377403846153846 0.04567307692307692 0.025240384615384616
0 0.40625 0.7560096153846154 0.040865384615384616 0.038461538461538464