0 0.5516485307433048 0.2359975644149147 0.09683911937677109 0.12395027997841979
0 0.5718101149889073 0.6037394438339453 0.028986005524301844 0.02588700707044904
0 0.44391839067184213 0.9072637521935434 0.21514503212438013 0.18547249561291324
0 0.22015711207568586 0.668912168412983 0.1158740962581333 0.09152879751256539
0 0.19912385890710677 0.7708911438793769 0.12574121389418422 0.1354142101257919
0 0.026606342542775538 0.8559537168412983 0.039915995914277295 0.25246472737598324
0 0.31568701555147477 0.15479534000624778 0.021830407734022526 0.03504025530283678
0 0.8575942951690616 0.3685421071925513 0.019398591244546664 0.030078517534145605
0 0.8968965464097868 0.9285450967998432 0.014534958265595211 0.02015504199676271
0 0.04939152885151395 0.22904244768151757 0.06304542154477707 0.09775518198597287
0 0.15043777967509062 0.45658918046682034 0.03886710832816757 0.07217626583752171