0 0.3125 0.5639706899884456 0.15384615384615385 0.19044296690555412
0 0.23798076923076922 0.2922627384704908 0.04567307692307692 0.07584364522316332
0 0.3485576923076923 0.3565775151646271 0.07692307692307693 0.06397148345277706
0 0.37740384615384615 0.21349951376711085 0.038461538461538464 0.06804343403408084
0 0.8028846153846154 0.7133754354614381 0.057692307692307696 0.08644015105112146
0 0.8341346153846154 0.5837148121525905 0.040865384615384616 0.08025888904582629
0 0.546875 0.6480063997874719 0.028846153846153848 0.04322007552556073
0 0.5913461538461539 0.6528384713509164 0.03365384615384615 0.0388048317028975
0 0.46033653846153844 0.7899807885954053 0.036057692307692304 0.04140490209925874
0 0.4254807692307692 0.40732784477125045 0.02403846153846154 0.040423780886685225
0 0.5084134615384616 0.35520335036877576 0.036057692307692304 0.05582797902233539