0 0.2956730769230769 0.3894230769230769 0.11057692307692307 0.13221153846153846
0 0.19591346153846154 0.5492788461538461 0.052884615384615384 0.07932692307692307
0 0.10216346153846154 0.8701923076923077 0.021634615384615384 0.03125
0 0.19110576923076922 0.49038461538461536 0.046875 0.040865384615384616
0 0.29086538461538464 0.515625 0.009615384615384616 0.010817307692307692
0 0.20552884615384615 0.6322115384615384 0.020432692307692308 0.019230769230769232
0 0.2776442307692308 0.7992788461538461 0.015625 0.015625
0 0.28725961538461536 0.7776442307692307 0.014423076923076924 0.021634615384615384
0 0.3112980769230769 0.7872596153846154 0.013221153846153846 0.015625
0 0.29927884615384615 0.8317307692307693 0.01201923076923077 0.01201923076923077
0 0.32211538461538464 0.8485576923076923 0.009615384615384616 0.009615384615384616
0 0.2956730769230769 0.7487980769230769 0.009615384615384616 0.015625
0 0.30288461538461536 0.12740384615384615 0.010817307692307692 0.016826923076923076
0 0.2512019230769231 0.07211538461538461 0.019230769230769232 0.021634615384615384
0 0.6610576923076923 0.16346153846153846 0.06610576923076923 0.09014423076923077
0 0.7019230769230769 0.2536057692307692 0.08173076923076923 0.10697115384615384
0 0.7139423076923077 0.453125 0.11538461538461539 0.1201923076923077
0 0.7704326923076923 0.5228365384615384 0.04447115384615385 0.06490384615384616
0 0.6225961538461539 0.5661057692307693 0.09495192307692307 0.11899038461538461
0 0.53125 0.3269230769230769 0.028846153846153848 0.028846153846153848
0 0.5072115384615384 0.3737980769230769 0.07091346153846154 0.04447115384615385
0 0.7920673076923077 0.8221153846153846 0.027644230769230768 0.036057692307692304
0 0.38461538461538464 0.15504807692307693 0.027644230769230768 0.028846153846153848
0 0.49038461538461536 0.27403846153846156 0.020432692307692308 0.015625
0 0.5456730769230769 0.29927884615384615 0.020432692307692308 0.021634615384615384