0 0.12246965221952638 0.48074367672102036 0.02429021728261854 0.015682879309688556
0 0.2447571946776614 0.4006931974736083 0.04423429445516588 0.05755610583436234
0 0.42233319867425795 0.323540263715403 0.034241276223545794 0.0354175694951023
0 0.42065147352318155 0.5023748416996192 0.019566443556311805 0.020238611140058538
0 0.6342222308914311 0.4235058422905619 0.024793728770932468 0.044529033155842404
0 0.4956565896587431 0.2589360357292835 0.03875525349638828 0.018842606895501553
0 0.7625647015482375 0.07118573565558668 0.034241276223545794 0.03541756949510236
0 0.6126769936258298 0.8402633101958588 0.021886371128772453 0.015556899071027393
0 0.560943528966453 0.6970557153033051 0.02429021728261847 0.015682879309688556
0 0.5577573526426123 0.7209052064837749 0.0194825249749263 0.01543091883236623
0 0.735662947672574 0.7314296672216236 0.07295457042924133 0.05185633023675798