0 0.9102226011470571 0.5703928263121253 0.17955479770588584 0.1387556949959402
0 0.879995885361261 0.47250653568776635 0.2345157742252475 0.08235024053002153
0 0.8381024981239021 0.41456345730325783 0.08535143481470743 0.07166979337126077
0 0.7571120997724349 0.38999547931025574 0.07105423576370903 0.07854563099113253
0 0.8213026379845029 0.34761944090737107 0.056505280968553576 0.07099839168792735
0 0.7501374207018844 0.33484689312248866 0.07303848901062683 0.054563119592948794
0 0.5380413218000611 0.4455956863764418 0.05372380119847196 0.0493078261630343
0 0.6192056406064772 0.41124145853007427 0.07320632617339812 0.0641785042083334
0 0.9516889473009033 0.23997487549978552 0.0663304620374025 0.08324142301826928
0 0.8316495804181978 0.1826482535973818 0.09218533966001055 0.05020302840747874
0 0.7850886513438449 0.6839351068237707 0.06873430819124866 0.08329737315854703
0 0.8212850118625196 0.07106523293450787 0.07345808191755519 0.07860158113141032