0 0.2751594742221155 0.14670090784401782 0.025157464344017146 0.048496515983851365
0 0.330756666471154 0.21066066995727528 0.019790270633547033 0.024374135864004182
0 0.38775261222713703 0.3347165859166866 0.03454904839829066 0.039048968531238105
0 0.5775165830302887 0.32539218656733754 0.022306017067948804 0.029223787462389312
0 0.20631415799583347 0.13347367070568655 0.014982578325854727 0.02429021728261854
0 0.3963359340645303 0.4451886107668776 0.02688990881452988 0.01969232142839034
0 0.47778594765486143 0.38003909216105186 0.015038528466132534 0.02669406343646476
0 0.6510856663538463 0.33492973589351394 0.020237871755769497 0.04360490509477334
0 0.46196210734674165 0.21678735015297754 0.025101514203739336 0.04609266983000521
0 0.336265745410417 0.344032172205044 0.037512395954914485 0.06312938936039239
0 0.4680886477071586 0.4800085039991314 0.02711370937564111 0.029307706043774955
0 0.49307625175224395 0.41704695180151025 0.02465391308151715 0.026861900599236047
0 0.4223016606254277 0.3725906943085254 0.015038528466132397 0.02669406343646476
0 0.587696493743697 0.6077811707082215 0.020014071194658128 0.033989520479388864
0 0.6194750052591884 0.47496122253163686 0.019790270633547033 0.024374135864004113
0 0.5317905707840815 0.4788965827957714 0.04897212532136759 0.039300724275395174