0 0.4135586587523813 0.3160818755861843 0.1412378536172133 0.11750583620328679
0 0.5652711219187917 0.22469994607253588 0.08364385641224582 0.0570419632604335
0 0.8785318379991811 0.14776830793380027 0.03301601818263195 0.023272358487210407
0 0.5059844426645316 0.21680573791764518 0.044789869465678006 0.05021858713416272
0 0.539368133344275 0.31788814580820274 0.01040028158544332 0.010119305570029269
0 0.6489887111965428 0.2386616489217304 0.02080056317088664 0.02023861114005847
0 0.8219427461642905 0.3195326601240654 0.015600422378164981 0.015178958355043903
0 0.8010930277497338 0.32801422259149954 0.02281196083970344 0.015556899071027393
0 0.8126706547902651 0.35255660508460573 0.015600422378164981 0.015178958355043903
0 0.8561606874238455 0.34286800873060636 0.013000351981804013 0.012649131962536586
0 0.8748517408046581 0.36658640886277294 0.01040028158544332 0.010119305570029269
0 0.7729336587523813 0.33491592126602726 0.015207973893135628 0.010371266047351595
0 0.15212810071069455 0.30956156803365664 0.017611820046981783 0.010497246286012759
0 0.0926208179581676 0.2549813302367578 0.023204409324732726 0.020364591378719633
0 0.21742320515307265 0.669624348536651 0.09664420839404997 0.0696910952229701
0 0.31090324804505276 0.715213992101829 0.11244085501472949 0.08727389973186014
0 0.5114036000268569 0.7376895826799358 0.1296110713330119 0.12168362731767328
0 0.5857264081874901 0.7978333942164938 0.06843588251911033 0.04667069721308191
0 0.6169278480420688 0.6522645000508563 0.12804127739289448 0.10245285808690377
0 0.37028863451881894 0.5483833124579173 0.031200844756329824 0.030357916710087807
0 0.41520139209367224 0.5268014655733484 0.04915595804467078 0.07438302891128543
0 0.8867712725239684 0.8351525493144234 0.038412383217868426 0.030735857426071024
0 0.1864439557254241 0.3927411100090292 0.031200844756329824 0.030357916710087807
0 0.3140682070114541 0.5047463625919872 0.015992870863194335 0.01998665066273621
0 0.3438217492046762 0.5613576166363909 0.023204409324732795 0.020364591378719703