0 0.47475961538461536 0.1141826923076923 0.015625 0.02283653846153846
0 0.38822115384615385 0.23798076923076922 0.055288461538461536 0.042067307692307696
0 0.3016826923076923 0.4170673076923077 0.03245192307692308 0.03245192307692308
0 0.4807692307692308 0.41225961538461536 0.020432692307692308 0.018028846153846152
0 0.390625 0.6274038461538461 0.04447115384615385 0.025240384615384616
0 0.23317307692307693 0.49158653846153844 0.016826923076923076 0.037259615384615384
0 0.03125 0.7620192307692307 0.03485576923076923 0.03365384615384615
0 0.8088942307692307 0.5985576923076923 0.013221153846153846 0.021634615384615384
0 0.6682692307692307 0.5492788461538461 0.014423076923076924 0.02283653846153846
0 0.6923076923076923 0.5456730769230769 0.015625 0.019230769230769232
0 0.6935096153846154 0.7235576923076923 0.04807692307692308 0.07211538461538461