0 0.5522486778846154 0.7217261899038461 0.7060185192307693 0.6894841274038461 0.5704365072115385 0.5939980168269231 0.6861772475961538 0.5977182548076923 0.6894841274038461 0.43402777884615384 0.5390211634615384 0.4972718245192308 0.3323412692307692 0.5332341274038461 0.3339947091346154 0.5369543653846154 0.4580026466346154 0.6200396826923077 0.5522486778846154 0.7217261899038461
0 0.5048076923076923 0.4254807692307692 0.18028846153846154 0.0985576923076923
0 0.07091346153846154 0.5108173076923077 0.1346153846153846 0.28725961538461536
0 0.20192307692307693 0.4879807692307692 0.16826923076923078 0.09134615384615384
0 0.4651442307692308 0.2692307692307692 0.09495192307692307 0.06850961538461539
0 0.6838942307692307 0.38221153846153844 0.05889423076923077 0.056490384615384616
0 0.4567307692307692 0.3485576923076923 0.054086538461538464 0.040865384615384616
0 0.4266826923076923 0.21875 0.03245192307692308 0.025240384615384616
0 0.7848557692307693 0.22596153846153846 0.09134615384615384 0.040865384615384616
0 0.16105769230769232 0.11298076923076923 0.0829326923076923 0.0889423076923077
0 0.296875 0.052884615384615384 0.06129807692307692 0.03365384615384615
0 0.051682692307692304 0.31490384615384615 0.09615384615384616 0.07692307692307693
0 0.2127403846153846 0.9194711538461539 0.12740384615384615 0.11298076923076923