0 0.5048076923076923 0.2091346153846154 0.06009615384615385 0.04447115384615385
0 0.765625 0.1502403846153846 0.027644230769230768 0.019230769230769232
0 0.8233173076923077 0.20192307692307693 0.025240384615384616 0.018028846153846152
0 0.7451923076923077 0.27524038461538464 0.020432692307692308 0.019230769230769232
0 0.22355769230769232 0.5120192307692307 0.018028846153846152 0.014423076923076924
0 0.28966346153846156 0.6274038461538461 0.016826923076923076 0.013221153846153846
0 0.24278846153846154 0.828125 0.019230769230769232 0.018028846153846152
0 0.1141826923076923 0.9122596153846154 0.021634615384615384 0.02283653846153846
0 0.5096153846153846 0.9435096153846154 0.02283653846153846 0.02283653846153846
0 0.5240384615384616 0.9362980769230769 0.014423076923076924 0.013221153846153846
0 0.4855769230769231 0.5685096153846154 0.03485576923076923 0.02283653846153846
0 0.3954326923076923 0.6646634615384616 0.021634615384615384 0.013221153846153846