0 0.2247596153846154 0.2848557692307692 0.06370192307692307 0.04927884615384615
0 0.25240384615384615 0.3269230769230769 0.03245192307692308 0.0625
0 0.27524038461538464 0.36899038461538464 0.036057692307692304 0.06490384615384616
0 0.30408653846153844 0.41586538461538464 0.028846153846153848 0.0673076923076923
0 0.3293269230769231 0.4543269230769231 0.04447115384615385 0.078125
0 0.3557692307692308 0.43149038461538464 0.025240384615384616 0.0733173076923077
0 0.4651442307692308 0.5072115384615384 0.036057692307692304 0.06490384615384616
0 0.4110576923076923 0.5252403846153846 0.078125 0.08052884615384616
0 0.35216346153846156 0.5913461538461539 0.042067307692307696 0.08774038461538461
0 0.32572115384615385 0.6514423076923077 0.054086538461538464 0.06610576923076923
0 0.6153846153846154 0.8257211538461539 0.03125 0.07451923076923077
0 0.6394230769230769 0.8966346153846154 0.03125 0.0889423076923077
0 0.6538461538461539 0.9471153846153846 0.027644230769230768 0.0829326923076923
0 0.8413461538461539 0.7980769230769231 0.027644230769230768 0.07932692307692307
0 0.8713942307692307 0.7980769230769231 0.042067307692307696 0.08052884615384616
0 0.8088942307692307 0.02403846153846154 0.037259615384615384 0.04807692307692308
0 0.8341346153846154 0.055288461538461536 0.025240384615384616 0.051682692307692304