0 0.1466346153846154 0.5673076923076923 0.0889423076923077 0.030048076923076924
0 0.09134615384615384 0.09134615384615384 0.12379807692307693 0.10096153846153846
0 0.29927884615384615 0.2091346153846154 0.12620192307692307 0.08052884615384616
0 0.40865384615384615 0.18389423076923078 0.06971153846153846 0.0829326923076923
0 0.4951923076923077 0.14783653846153846 0.078125 0.051682692307692304
0 0.953125 0.48197115384615385 0.09375 0.13221153846153846
0 0.8966346153846154 0.5552884615384616 0.20552884615384615 0.12860576923076922
0 0.9314903846153846 0.6646634615384616 0.13701923076923078 0.125
0 0.6057692307692307 0.1466346153846154 0.21394230769230768 0.15504807692307693
0 0.46875 0.2668269230769231 0.49038461538461536 0.11298076923076923
0 0.5384615384615384 0.36658653846153844 0.4182692307692308 0.13942307692307693
0 0.4254807692307692 0.49158653846153844 0.3942307692307692 0.13581730769230768
0 0.5204326923076923 0.8257211538461539 0.057692307692307696 0.037259615384615384