0 0.27163461538461536 0.15144230769230768 0.02283653846153846 0.046875
0 0.32572115384615385 0.21634615384615385 0.020432692307692308 0.025240384615384616
0 0.3798076923076923 0.34134615384615385 0.03245192307692308 0.037259615384615384
0 0.5697115384615384 0.33533653846153844 0.021634615384615384 0.027644230769230768
0 0.203125 0.13701923076923078 0.014423076923076924 0.02403846153846154
0 0.3858173076923077 0.4519230769230769 0.026442307692307692 0.020432692307692308
0 0.46875 0.38822115384615385 0.014423076923076924 0.026442307692307692
0 0.6430288461538461 0.34615384615384615 0.019230769230769232 0.042067307692307696
0 0.4567307692307692 0.2247596153846154 0.025240384615384616 0.04567307692307692
0 0.328125 0.34975961538461536 0.036057692307692304 0.0625
0 0.4567307692307692 0.4879807692307692 0.026442307692307692 0.027644230769230768
0 0.4831730769230769 0.4254807692307692 0.025240384615384616 0.026442307692307692
0 0.41346153846153844 0.3798076923076923 0.015625 0.026442307692307692
0 0.5733173076923077 0.6177884615384616 0.020432692307692308 0.03245192307692308
0 0.6081730769230769 0.4855769230769231 0.019230769230769232 0.02403846153846154
0 0.5204326923076923 0.4879807692307692 0.04927884615384615 0.038461538461538464