0 0.5801574439735 0.40499454031726595 0.021052294925585083 0.02415034288097983
0 0.4749153201291445 0.46089754788442916 0.036568287265551384 0.038657330810945606
0 0.45076785093064936 0.44632762669929693 0.021598752634029703 0.031361881342518286
0 0.4335586913394703 0.43540543024837824 0.025495682094314222 0.019370620908917092
0 0.3955166715510501 0.3979080670109113 0.02935674880401292 0.03861537530750125
0 0.28579671719565636 0.3383495407704777 0.03157844238837749 0.03622551432146988
0 0.2557307088972866 0.3225427335888853 0.01660890775685581 0.028930064853042562
0 0.25871687551016315 0.3466091654629765 0.018648448771738792 0.024136357713165177
0 0.23046955409005598 0.46548766873584274 0.061627938719731004 0.11569228907654096
0 0.25949786050569135 0.4632516445957741 0.020980569424413585 0.08662237254535025
0 0.19778026490949616 0.500168623368927 0.035293219279180284 0.021830407734022526
0 0.1823954698296861 0.30648419338662664 0.04527290903352807 0.02669404071297398