0 0.6913175105232902 0.5900481303172971 0.02459796294123934 0.024737909332656634
0 0.7322048405745184 0.8975434654981377 0.024542012800961396 0.02233406317881048
0 0.7339382899840804 0.8746719546468894 0.03426929769690163 0.027421534604180772
0 0.7191525420882472 0.839068903405424 0.05176762245715812 0.0567573019062713
0 0.6921247678011212 0.761783240758458 0.042154247719871855 0.15977296262455837
0 0.6616570648259608 0.7806863966550481 0.038239747778525575 0.09479917169129265
0 0.6341806844775634 0.774279223156834 0.040140042669871874 0.07323450108609683
0 0.6068721545499993 0.7606605111970813 0.027673210778418913 0.05365400795823005
0 0.5800681808239845 0.673759463934731 0.04416644289177363 0.1430159843270546
0 0.7751763949627133 0.39302841413491474 0.024430112520406055 0.017526370871118174
0 0.9615903919225425 0.17620912175028028 0.019566470072435803 0.014982635158433028
0 0.842194287178525 0.9195663902602248 0.02962945581004288 0.03449318350688038
0 0.8688883705020826 0.9079796899943026 0.024765813362072626 0.0319494477941951
0 0.7034816413384614 0.3254501914456714 0.04640243862478636 0.1358743906449358