0 0.8081264293978528 0.2080567373001654 0.0344701861822346 0.05729105253144791
0 0.6664310248710558 0.564393725388305 0.046909441236104715 0.06527281829798125
0 0.6354040128590508 0.7064821572677951 0.029242469589902953 0.049771423147911574
0 0.5477110453254466 0.7935274949030282 0.031646315743749105 0.049925468608910575
0 0.5265308954615752 0.7254334337819788 0.04042165178985517 0.0361185735298294
0 0.4762578952226647 0.4783907381520276 0.04126170035913386 0.050541650452906324
0 0.35505108963009396 0.5651888660873999 0.06049246958990295 0.05177401414089808
0 0.35695417475664626 0.6764285531277496 0.037154048525840366 0.06225279030013935
0 0.3754470975512207 0.3794765303972503 0.03843782992064836 0.04317606653036886
0 0.2769345791748477 0.2205431915268187 0.04210174892841241 0.06496472737598324
0 0.1725309881183099 0.26555166208081277 0.043945562702739485 0.05550338822159763
0 0.05251761605790838 0.701924919328733 0.06558017808735489 0.0568897973705884
0 0.1273975997595532 0.5881596236902629 0.02669861534117713 0.047213531533066413
0 0.20940838518008198 0.578114385708606 0.040841676074494515 0.04333011199136786