0 0.9002403846153846 0.40865384615384615 0.1778846153846154 0.13581730769230768
0 0.8713942307692307 0.5072115384615384 0.23317307692307693 0.07572115384615384
0 0.8305288461538461 0.5661057692307693 0.08413461538461539 0.06971153846153846
0 0.75 0.5925480769230769 0.06971153846153846 0.07572115384615384
0 0.8149038461538461 0.6334134615384616 0.055288461538461536 0.06971153846153846
0 0.7439903846153846 0.6478365384615384 0.07091346153846154 0.052884615384615384
0 0.5300480769230769 0.5420673076923077 0.052884615384615384 0.04927884615384615
0 0.6117788461538461 0.5745192307692307 0.0733173076923077 0.06370192307692307
0 0.9471153846153846 0.7379807692307693 0.06490384615384616 0.0829326923076923
0 0.828125 0.7980769230769231 0.09014423076923077 0.046875
0 0.7728365384615384 0.2980769230769231 0.06850961538461539 0.08052884615384616
0 0.8197115384615384 0.9098557692307693 0.0733173076923077 0.07572115384615384