0 0.7310799371670227 0.6633316833115478 0.07526289968926256 0.10943185564386199
0 0.827570645391175 0.6121044599092993 0.04940587388589371 0.0465122627369335
0 0.8429323411909528 0.7867399600340345 0.045087795034138074 0.06325526723247094
0 0.6830858206963105 0.7009750156045761 0.06898636701376049 0.05886716783170698
0 0.4996904521191432 0.5979635551912663 0.08975592139175904 0.11208745754186508
0 0.6059492963443106 0.5829828409048278 0.09215976754560505 0.11212941683255782
0 0.32568777199231064 0.46144510614153533 0.08975592139175904 0.11208745754186494
0 0.227536886534344 0.40441533403932123 0.06445845382374629 0.06839863386570581
0 0.5829214210167675 0.4238464629080141 0.04620691150485015 0.1017168056940094
0 0.5373090401369832 0.5036200418293894 0.1307869192195654 0.035919647851258944
0 0.2356170990931639 0.5813288024458242 0.10786757415181605 0.07396159340586919
0 0.41696759414970946 0.5893044212008252 0.10146964938972894 0.18437067932002085
0 0.6328148858037999 0.6928823320384881 0.056521743914429996 0.1259231043952422