0 0.3389423076923077 0.45913461538461536 0.037259615384615384 0.04447115384615385
0 0.5036057692307693 0.49038461538461536 0.10096153846153846 0.11778846153846154
0 0.4362980769230769 0.5564903846153846 0.10817307692307693 0.06850961538461539
0 0.7091346153846154 0.42788461538461536 0.171875 0.09975961538461539
0 0.6766826923076923 0.29927884615384615 0.04326923076923077 0.04567307692307692
0 0.8918269230769231 0.1201923076923077 0.039663461538461536 0.06490384615384616
0 0.8882211538461539 0.2956730769230769 0.036057692307692304 0.054086538461538464
0 0.875 0.9651442307692307 0.06370192307692307 0.054086538461538464
0 0.7716346153846154 0.9314903846153846 0.021634615384615384 0.021634615384615384
0 0.6081730769230769 0.7079326923076923 0.03125 0.037259615384615384
0 0.9723557692307693 0.7632211538461539 0.054086538461538464 0.1622596153846154