0 0.3030786576002181 0.666261112559276 0.0807492512860301 0.11039059459919952
0 0.20380980118797234 0.6072917014652018 0.051805183684701786 0.048753986143056184
0 0.19760336646259358 0.7802611612005569 0.04837106107461221 0.06527281829798125
0 0.3530932454804529 0.707726537510294 0.0720170741280444 0.062005580600278436
0 0.531248016339171 0.6199054453530977 0.09556477669413638 0.11612255967288558
0 0.4241052158723376 0.5963005219922206 0.09796862284798252 0.11627660513388445
0 0.6982421862642222 0.49789134792855894 0.09556477669413638 0.11612255967288544
0 0.7934886440710002 0.4489957730215541 0.06799427879041094 0.07131287429366505
0 0.43879864663560014 0.4394181986398624 0.0515106489548469 0.10373435675951971
0 0.4886413895290724 0.5227198630916898 0.13255483170289778 0.041972301047789776
0 0.7946899720496745 0.6248312152937522 0.11165595804467078 0.0788933848993386
0 0.6135920359193194 0.6180084752960232 0.111066888584961 0.18885412613226593
0 0.4029853419836781 0.7037499537297337 0.06308827599537828 0.128389000141977