0 0.4014423076923077 0.3894230769230769 0.025240384615384616 0.018028846153846152
0 0.4579326923076923 0.49038461538461536 0.038461538461538464 0.03485576923076923
0 0.44350961538461536 0.515625 0.03125 0.020432692307692308
0 0.4326923076923077 0.5336538461538461 0.019230769230769232 0.02283653846153846
0 0.3954326923076923 0.5745192307692307 0.039663461538461536 0.026442307692307692
0 0.33653846153846156 0.6887019230769231 0.036057692307692304 0.027644230769230768
0 0.32091346153846156 0.7199519230769231 0.028846153846153848 0.015625
0 0.3449519230769231 0.7151442307692307 0.025240384615384616 0.016826923076923076
0 0.4639423076923077 0.734375 0.11538461538461539 0.052884615384615384
0 0.46153846153846156 0.7055288461538461 0.08653846153846154 0.014423076923076924
0 0.4987980769230769 0.7644230769230769 0.021634615384615384 0.03485576923076923
0 0.30528846153846156 0.7944711538461539 0.026442307692307692 0.042067307692307696