0 0.8668822633878908 0.4138912915004874 0.188873172965437 0.1356502870336796
0 0.8299909155986355 0.5122811617944022 0.23945225268354628 0.07827963820111214
0 0.7843180370416415 0.5709376447107815 0.08982511841754086 0.07020101933505639
0 0.7016307242201338 0.5969114492812934 0.07599071422200783 0.077328646789706
0 0.7631987582512306 0.6381544334276776 0.06097896457138701 0.07003319732127868
0 0.6911079512576812 0.652164947900218 0.07643231795070722 0.053304170419059244
0 0.48579951023601886 0.5451510371954703 0.05680910023490891 0.048384596768848646
0 0.5648812521928401 0.5780784559780965 0.07721721492076607 0.06291955503444385
0 0.886874542163381 0.7434909253497991 0.07157547039934488 0.0821083687617686
0 0.7629785514851297 0.8028948133891204 0.09527063869644738 0.048608359453885225
0 0.7485047323897194 0.30257315452938016 0.07397931655319102 0.08212235392958352
0 0.7454406626697361 0.9146247114556149 0.07839456037585425 0.07734263195752078