0 0.668764866977462 0.6269703141783126 0.11827736829531031 0.13478524491431626
0 0.777835020671582 0.46943647576907116 0.05750488251564762 0.0805578261630343
0 0.8902761013380309 0.15070506970144307 0.023454720618052358 0.03175355126250003
0 0.77921251465472 0.5284426068188576 0.05045706068987899 0.041984387420940225
0 0.6809229842663422 0.500880291381945 0.010175416994903558 0.009839185176495846
0 0.7730499153295494 0.38627998290026777 0.02035083398980739 0.019678370352991418
0 0.7106650933083086 0.21753417099962663 0.01526312549235561 0.014758777764743632
0 0.6997896358390061 0.23894498582313092 0.015683149776994955 0.021970316226282094
0 0.6763112066800635 0.2287700998049685 0.01526312549235561 0.014758777764743632
0 0.6909205872045702 0.18457869666020357 0.012719271243629858 0.01229898147061967
0 0.66906410540719 0.1672202472506416 0.010175416994903558 0.009839185176495709
0 0.6896960771619873 0.26759531417831256 0.010455433184663302 0.014646877484188017
0 0.6462924461740289 0.8888216945267099 0.010595441279542902 0.017050723638034306
0 0.6947549522994867 0.9453130840811438 0.020490842084687263 0.022082216506837574
0 0.2902194906741485 0.8444274313176284 0.07262799991312349 0.09291275777393164
0 0.2546044096167552 0.7533320481636754 0.08789112540547897 0.10767153553867541
0 0.25420585072254515 0.5535330666930558 0.1223850201286038 0.1228779144256411
0 0.2017757008586738 0.4825066999349895 0.047049449330984455 0.06591094867884614
0 0.35213238502804806 0.4426784027928422 0.10315425089783457 0.1224303133034189
0 0.429547733433665 0.6839872004310901 0.03052625098471095 0.029517555529487264
0 0.456316352822282 0.6376717018338679 0.0746355303232204 0.04494773497756418
0 0.19757209328658948 0.18272430251864336 0.03094627526935043 0.036729093991025724
0 0.566171770034377 0.8592751589880347 0.030526250984711085 0.029517555529487264
0 0.4673329399616947 0.7378229682004278 0.020070817800047918 0.014870678045299112
0 0.41351456341947074 0.7112957303586541 0.020490842084687124 0.022082216506837844