0 0.7319711538461539 0.10096153846153846 0.1935096153846154 0.1466346153846154
0 0.9735576923076923 0.013221153846153846 0.051682692307692304 0.026442307692307692
0 0.8076923076923077 0.2536057692307692 0.020432692307692308 0.014423076923076924
0 0.6947115384615384 0.2932692307692308 0.030048076923076924 0.013221153846153846
0 0.7307692307692307 0.45913461538461536 0.03485576923076923 0.016826923076923076
0 0.4266826923076923 0.20552884615384615 0.07572115384615384 0.036057692307692304
0 0.6742788461538461 0.5180288461538461 0.028846153846153848 0.027644230769230768
0 0.5228365384615384 0.65625 0.02283653846153846 0.021634615384615384
0 0.2620192307692308 0.6310096153846154 0.042067307692307696 0.02283653846153846
0 0.7605820096153846 0.9207589278846153 0.8176256610576923 0.904017858173077 0.7126322740384615 0.8500744038461538 0.7084986778846154 0.7713293653846154 0.6208664014423076 0.7694692451923076 0.62582671875 0.8252728173076923 0.5249669302884615 0.8816964278846153 0.5076058197115384 0.9883432548076924 0.71924603125 0.9933035721153847 0.7142857139423077 0.8984375 0.7605820096153846 0.9207589278846153
0 0.8040865384615384 0.8052884615384616 0.020432692307692308 0.016826923076923076
0 0.7692307692307693 0.7548076923076923 0.036057692307692304 0.01201923076923077
0 0.7283653846153846 0.7271634615384616 0.04447115384615385 0.016826923076923076
0 0.6382211538461539 0.7199519230769231 0.07572115384615384 0.042067307692307696
0 0.359375 0.9819711538461539 0.03485576923076923 0.013221153846153846
0 0.27283653846153844 0.8725961538461539 0.028846153846153848 0.02283653846153846
0 0.6346153846153846 0.9326923076923077 0.0889423076923077 0.08173076923076923
0 0.6814903846153846 0.8509615384615384 0.04326923076923077 0.04807692307692308
0 0.6237980769230769 0.9014423076923077 0.0673076923076923 0.09975961538461539
0 0.7451923076923077 0.8870192307692307 0.040865384615384616 0.026442307692307692
0 0.6466346153846154 0.7211538461538461 0.037259615384615384 0.025240384615384616