0 0.36728786139106795 0.5527015108133088 0.04072918275743927 0.04461233728814416
0 0.5303135798269345 0.5272016855974067 0.1071345701559352 0.12131411615060919
0 0.4595414309560603 0.458745479958539 0.11170052360558937 0.07108517939213609
0 0.7391179121859707 0.59687891105785 0.17836809310069165 0.10700551779664859
0 0.7134059318774194 0.724351434163286 0.0456628553037926 0.04718407175685449
0 0.9379356904269064 0.9109509747149962 0.0418630049053896 0.06624695267275954
0 0.9251333637738728 0.7353442892480787 0.0388292575582379 0.05414377774609683
0 0.8768267134605867 0.0654114425360485 0.06527156525054559 0.05506716347784961
0 0.7752250521864584 0.09545568992031495 0.02276843753256558 0.022390112801504165
0 0.6234796759204074 0.31330517952262543 0.03326568381857861 0.039552812508155594
0 0.977019593466053 0.2707342578351249 0.04596081306789383 0.16530830992504436