0 0.749658293687304 0.5278195247367109 0.04817483683209754 0.06135515987570491
0 0.787262194143693 0.7903504795247966 0.021585460140945346 0.029405712081509813
0 0.7308701200156487 0.8465389744595847 0.021193011655915993 0.024598019773817505
0 0.6639301002050678 0.7662806586872897 0.02080056317088664 0.019790327466125197
0 0.4697319146769049 0.23775648252985274 0.015992870863194335 0.019650437907286343
0 0.3489511326231361 0.3005049023484855 0.01579664662067952 0.01724659175344012
0 0.15205635150601834 0.24778951326695647 0.020800563170886573 0.019790327466125336
0 0.0784197330959378 0.11673567675650441 0.025804479721093558 0.02233406317881048
0 0.014890845202274627 0.511259086931743 0.02600070396360823 0.024737909332656634
0 0.02092503820872507 0.5258919981930785 0.015600422378164946 0.014842745599594035
0 0.3918530876274214 0.498132010982725 0.026785600933667005 0.03435329394804125
0 0.30305765056787526 0.4051899890367139 0.016189095105708942 0.0220542840611325