0 0.41779675949635275 0.8735183527370066 0.0303986476017886 0.09028583890041594
0 0.892793234271956 0.9430619497975316 0.10314342157756548 0.11387610040493684
0 0.7786342513784243 0.7375563011351185 0.08391265234679625 0.12880667175630642
0 0.8057837837203329 0.6293568909422133 0.08294758866086127 0.07351821021784488
0 0.843352010492967 0.5444978434138869 0.05422731268678596 0.0793862174712751
0 0.517210639985336 0.07100258127894196 0.13384795079855885 0.09990785137049563
0 0.4429072889617468 0.12407815740705172 0.13341619130727567 0.21277665966725584
0 0.3341406986767928 0.08412816567887246 0.12739167956949132 0.14284119933769934
0 0.8464840609417604 0.4339769008039683 0.15758053071781575 0.22110780746888445
0 0.7239000736799615 0.5653980848727485 0.12154046453210682 0.4956467792830388
0 0.6253572777254381 0.4910401676498361 0.14672399350362944 0.4247629649417534
0 0.498385191062875 0.5981989683121367 0.1414967082890088 0.40050058153527385
0 0.16590796766062643 0.487684475407961 0.03946856143816639 0.05948368263645175