0 0.5252403846153846 0.4567307692307692 0.040865384615384616 0.039663461538461536
0 0.46033653846153844 0.32211538461538464 0.042067307692307696 0.028846153846153848
0 0.5600961538461539 0.03365384615384615 0.036057692307692304 0.03125
0 0.1346153846153846 0.109375 0.057692307692307696 0.027644230769230768
0 0.8317307692307693 0.2764423076923077 0.054086538461538464 0.020432692307692308
0 0.6911057692307693 0.38341346153846156 0.052884615384615384 0.030048076923076924
0 0.3798076923076923 0.6586538461538461 0.05048076923076923 0.027644230769230768
0 0.4266826923076923 0.7451923076923077 0.03125 0.016826923076923076
0 0.5853365384615384 0.7271634615384616 0.036057692307692304 0.026442307692307692
0 0.7824519230769231 0.21153846153846154 0.030048076923076924 0.028846153846153848
0 0.6394230769230769 0.0673076923076923 0.036057692307692304 0.040865384615384616
0 0.8569711538461539 0.12379807692307693 0.020432692307692308 0.021634615384615384