0 0.5690489760516771 0.42079215634970496 0.025495682094314222 0.020490571617380864
0 0.5049081835180663 0.5187931592027062 0.04101167443428052 0.03566952997242463
0 0.5174186584615867 0.5447894252500578 0.032707220555852685 0.020868512333364356
0 0.5268698218827825 0.5633851824778792 0.021052294925585083 0.025046303447750846
0 0.5610328435862112 0.6062032607925116 0.040465216725835765 0.02845799151088617
0 0.6112748273050671 0.7234724689474022 0.03824352314147133 0.030735857426071024
0 0.6245318439018066 0.7555413404986999 0.029939069263043357 0.015934839787010883
0 0.6008576875023083 0.749473845804396 0.025313529524832637 0.018086725463534712
0 0.48041008233107096 0.7624685932214379 0.11939197191321 0.058931666840350956
0 0.4849997593186961 0.7337484196139452 0.08763137695535105 0.01895836551487853
0 0.44327740598178217 0.7906899566839282 0.024184751357357443 0.03478766830179662
0 0.6345101142478777 0.8308794428192281 0.02972105394297623 0.04465501339450357