0 0.7937463291852327 0.555120503051746 0.04361885996460083 0.0633749000968221
0 0.851123169246558 0.2987659333117369 0.019398591244546664 0.03030337440200646
0 0.7991048329113106 0.23715734537557534 0.019370620908917092 0.025495682094314152
0 0.7262420431729838 0.3097266920063873 0.01934265057328752 0.02068798978662178
0 0.49249797843494847 0.8134192792970675 0.014534958265595348 0.020323684647658744
0 0.3767287709354262 0.7385701867311826 0.014520973097780563 0.01791983849381259
0 0.1762803278616609 0.770235447179471 0.019342650573287587 0.020687989786621914
0 0.09289391895513713 0.8924658764783853 0.024164328048794717 0.02345614107943124
0 0.0593433588496031 0.49466520076743237 0.0241783132166095 0.02585998723327739
0 0.06647098630425277 0.4807885815528002 0.014506987929965708 0.015515992339966434
0 0.434483210527751 0.5471194631450197 0.024234253887868817 0.03547537184866201
0 0.3388538081669598 0.6299775911349875 0.014548943433410134 0.022727530801504896