0 0.20072115384615385 0.5504807692307693 0.11778846153846154 0.09495192307692307
0 0.5673076923076923 0.5685096153846154 0.025240384615384616 0.030048076923076924
0 0.8966346153846154 0.4387019230769231 0.20552884615384615 0.21394230769230768
0 0.6550480769230769 0.21634615384615385 0.0829326923076923 0.11658653846153846
0 0.7584134615384616 0.19471153846153846 0.12620192307692307 0.125
0 0.8545673076923077 0.021634615384615384 0.24879807692307693 0.037259615384615384
0 0.1346153846153846 0.31490384615384615 0.03365384615384615 0.021634615384615384
0 0.3137019230769231 0.8557692307692307 0.027644230769230768 0.020432692307692308
0 0.8713942307692307 0.8918269230769231 0.020432692307692308 0.015625
0 0.22596153846153846 0.04807692307692308 0.09375 0.0625
0 0.44711538461538464 0.14783653846153846 0.06971153846153846 0.037259615384615384