0 0.25990546152638583 0.6636371544143729 0.1024801923729369 0.25054542154477705
0 0.5583982758516588 0.574046139128976 0.48173080999028894 0.30562570827631536
0 0.8603442382986791 0.5145171859344708 0.0634005103976896 0.1637971824890936
0 0.9321085790784932 0.4704725797066682 0.10107601703065491 0.07268877649579125
0 0.3958371968384103 0.3579998650356908 0.07066545860497578 0.09654543085266044
0 0.4716842669207122 0.36204616705262616 0.07290141644395777 0.09175172371278292
0 0.5392857637794168 0.37085121328990195 0.05886752589635691 0.033989490181401294
0 0.31058460253430387 0.35990723773211164 0.020184689374206553 0.0962517423285498
0 0.7063759468057881 0.23483192201942915 0.19925218204049217 0.33762930462801566
0 0.576175238583809 0.18841063861826063 0.06233977076275684 0.20224473578281726
0 0.5132135457179327 0.17482587040892206 0.06373628702741795 0.17341256710447822
0 0.3979281416965914 0.21140720515451983 0.045703611334761154 0.06996327148220474
0 0.4507135457179326 0.17446225604573734 0.05101496858704612 0.0844143187409113
0 0.9279418546691736 0.23976628219260404 0.14411629066165277 0.32537232600593335
0 0.8572497421407237 0.3570792480253625 0.036675835821401284 0.08673425388786868
0 0.7074442945689419 0.02454433164524248 0.23211233728814415 0.039804114571758926
0 0.9326923076923077 0.02105124511214104 0.1346153846153846 0.032033169397628604