0 0.30444381618697647 0.4360293100115544 0.15695114135742336 0.19044296690555426
0 0.22528808379618795 0.7077372615295092 0.04697381493455467 0.07824749137700948
0 0.33683007055904607 0.6434224848353729 0.07793009989970492 0.06397148345277706
0 0.3631376873182837 0.786500486232889 0.03959443931024486 0.06804343403408097
0 0.7967375792981156 0.28662456453856183 0.05911892357586405 0.08644015105112132
0 0.8256798183100099 0.4162851878474096 0.04220808191755519 0.08025888904582629
0 0.5399517170356829 0.35199360021252796 0.029559461787932024 0.04322007552556073
0 0.5844438505271832 0.34716152864908356 0.03428323551423855 0.03880483170289777
0 0.4560147315201769 0.21001921140459456 0.036729040958777597 0.04140490209925847
0 0.4145293943599404 0.5926721552287495 0.024709810189546825 0.040423780886685225
0 0.49643408404565836 0.6447966496312242 0.036980796702934526 0.05582797902233567