0 0.5758481860953581 0.1697506324644252 0.034026453356705295 0.0901176983912811
0 0.09666646145158501 0.09506822439290288 0.10824195939528639 0.12911386744640685
0 0.2265656231971465 0.3078004287214032 0.08901119016451713 0.12833027364709124
0 0.2076956068987913 0.41614696185980143 0.08579100398228252 0.07304181210862969
0 0.17667820600677064 0.5012161850245462 0.05736487442076795 0.07907795987119488
0 0.5374843634659817 0.9615976079550997 0.13767185416184938 0.07680478408980043
0 0.607511480928615 0.9066254363258892 0.14184838846735232 0.18674912734822158
0 0.7189165983043715 0.9437585250359194 0.13298046140814698 0.11248294992816127
0 0.1819166552943169 0.6117441334890121 0.16630687429045318 0.22021105808683245
0 0.2941285015784778 0.47962236396550373 0.14154242058624186 0.49498822895559447
0 0.3979483517146064 0.5533987952609919 0.16378448543215654 0.4239502858142687
0 0.5163679712552575 0.445511385725774 0.15757671217566646 0.39971592582597826
0 0.8560329063876236 0.5540782510658053 0.04182173273865267 0.05925949529093881