0 0.9295214634860149 0.669104260416171 0.14095707302797023 0.2025613834821012
0 0.7887235909593795 0.7554993386815867 0.01543091883236623 0.020239329018416186
0 0.7431390582038435 0.645292108866846 0.015934839787010883 0.029854713633800527
0 0.5791633771683762 0.6929482387324764 0.018590646418179365 0.034830499239434085
0 0.8168326462085091 0.37112785733814857 0.040089059944849535 0.0794444763921939
0 0.5173086107906083 0.6405761399166494 0.030357916710087807 0.03086327342144748
0 0.3711507019088015 0.49879919685595675 0.02289441777122702 0.025551301219931696
0 0.38272223062945077 0.23621690953526717 0.026306105834362478 0.04495016374864204
0 0.1872730721153846 0.7021484543269231 0.26580147596153847 0.69250846875 0.2630689831730769 0.6047461201923077 0.2075253701923077 0.6136086033653846 0.1458159230769231 0.5166943389423077 0.03825923798076923 0.5067906995192307 0.04439051442307692 0.7187777716346153 0.13899662740384616 0.7071837716346153 0.11910148557692309 0.7550409350961539 0.13883208653846155 0.8109139350961538 0.1872730721153846 0.7021484543269231
0 0.2368519282936954 0.7904709813283068 0.017834764986212316 0.020407422316357164
0 0.28550598406387784 0.7520852528407739 0.013908934349148083 0.03689815879739801
0 0.311008550775869 0.7092867952990662 0.019094567372823883 0.0444458838548187
0 0.313495830287614 0.6186382846360121 0.04730059840638786 0.07994875628601725
0 0.036862891833689085 0.3581143002654415 0.016186800264333116 0.034662405941492974
0 0.14170260324188744 0.26392759367065854 0.02555022440239543 0.030527086825565118
0 0.10056647531423768 0.629908772273033 0.08639203806123204 0.0946574798223061
0 0.18475385919889947 0.6710686001430345 0.05034456737282388 0.046631096728053316
0 0.1312495642402625 0.6169062517074906 0.10448898514405086 0.0743676108212199
0 0.15203464321572782 0.7372919226890745 0.028583971749547334 0.042714410892737004
0 0.312734838046005 0.6271357928234443 0.026054145357040016 0.04014247144094987