0 0.28025981821559776 0.5968617086608192 0.02459796294123934 0.025158070878551743
0 0.22499330211298 0.9079951581102302 0.024542012800961535 0.022754224724705587
0 0.2243229053686958 0.8852146001156961 0.03426929769690176 0.028009760768433978
0 0.24078715747286253 0.8484291617369453 0.05171167231688038 0.05523579499880454
0 0.2714516908780442 0.7689606305288371 0.04215424771987199 0.16044522109799048
0 0.3010801417490378 0.7855899650075706 0.038239747778525714 0.09542941401013504
0 0.32889222293910186 0.7770908758049285 0.040140042669871874 0.07390675955952894
0 0.3568721545499993 0.761380248140748 0.027673210778418913 0.05411618565871434
0 0.38776048851629213 0.6722963323172553 0.04416644289177363 0.14373025895507643
0 0.20546485650117485 0.4058448810215781 0.024430112520405986 0.01794653241701328
0 0.028898084230234874 0.20275947000079692 0.019566470072435914 0.015318764395149018
0 0.11382890256314025 0.9383857456900292 0.029629455810042744 0.0349973773619544
0 0.08763837050208255 0.9288000082718207 0.02470986322179489 0.02996576318624405
0 0.2804047182615382 0.3327185340727648 0.0464024386247865 0.13663068142754684