0 0.5048076923076923 0.3293269230769231 0.03125 0.025240384615384616
0 0.3425480769230769 0.34615384615384615 0.037259615384615384 0.019230769230769232
0 0.5480769230769231 0.41947115384615385 0.026442307692307692 0.021634615384615384
0 0.38100961538461536 0.6081730769230769 0.036057692307692304 0.018028846153846152
0 0.21153846153846154 0.6838942307692307 0.039663461538461536 0.019230769230769232
0 0.7932692307692307 0.5144230769230769 0.016826923076923076 0.015625
0 0.3449519230769231 0.4362980769230769 0.015625 0.010817307692307692
0 0.078125 0.765625 0.026442307692307692 0.009615384615384616
0 0.11778846153846154 0.8293269230769231 0.020432692307692308 0.010817307692307692
0 0.3401442307692308 0.9903846153846154 0.025240384615384616 0.010817307692307692
0 0.4567307692307692 0.7319711538461539 0.02403846153846154 0.013221153846153846