0 0.13024903952819633 0.7248405257778845 0.04877637087111818 0.025157464344017146
0 0.19672664321898145 0.6692433335288459 0.024598019773817644 0.019790270633547033
0 0.3233004007559205 0.6122473877728629 0.03944076537341154 0.03454904839829053
0 0.32281642294544627 0.42248341696971126 0.02947565686092938 0.022306017067948804
0 0.1138325363916634 0.7936858420041666 0.02445813021497858 0.014982578325854727
0 0.4340521857813923 0.6036640659354697 0.020000161804383892 0.026889908814530017
0 0.3727633575944423 0.5222140523451386 0.026861976368824807 0.015038528466132534
0 0.33576704641004906 0.3489143336461535 0.04382878900458674 0.020237871755769223
0 0.20895209523580624 0.5380378926532583 0.04637252471727202 0.025101514203739336
0 0.3302100495368625 0.6637342545895831 0.06354917169129265 0.037512395954914485
0 0.4721732490819601 0.5319113522928414 0.029615546419768508 0.02711370937564111
0 0.4104426416555747 0.506923748247756 0.02714175548650279 0.02465391308151715
0 0.362741166129332 0.5776983393745723 0.026861976368824807 0.015038528466132397
0 0.6053732631914986 0.4123035062563029 0.03421340438920226 0.020014071194658128
0 0.474175924031543 0.38052499474081153 0.024598019773817644 0.019790270633547033
0 0.4740267857365771 0.4682094292159184 0.03986043404992866 0.04897212532136759