0 0.1935096153846154 0.30408653846153844 0.030048076923076924 0.0733173076923077
0 0.3233173076923077 0.7019230769230769 0.05048076923076923 0.08653846153846154
0 0.38100961538461536 0.6995192307692307 0.038461538461538464 0.03125
0 0.3936426923076923 0.48874225 0.4069382596153846 0.3742364903846154 0.3125511298076923 0.5358681586538462 0.3130104783653846 0.5391427764423077 0.32628538461538464 0.5807167932692308 0.3936426923076923 0.48874225
0 0.4423076923076923 0.31850961538461536 0.030048076923076924 0.054086538461538464
0 0.4182692307692308 0.3545673076923077 0.026442307692307692 0.0673076923076923
0 0.39302884615384615 0.36778846153846156 0.036057692307692304 0.04927884615384615
0 0.8341346153846154 0.3389423076923077 0.021634615384615384 0.027644230769230768
0 0.8605769230769231 0.359375 0.040865384615384616 0.09375
0 0.9831730769230769 0.29086538461538464 0.03365384615384615 0.06850961538461539
0 0.8389423076923077 0.6610576923076923 0.08774038461538461 0.0889423076923077
0 0.8393235192307693 0.9923839182692308 0.8724883581730769 0.9627713750000001 0.8471736514423077 0.8981058846153847 0.799923625 0.7583947572115384 0.7799807259615386 0.8286109519230769 0.7803682524038462 0.8300307980769231 0.8019640192307692 0.9730075216346153 0.8393235192307693 0.9923839182692308