0 0.05985587175000206 0.3353558892451079 0.036617117955244465 0.05080921161914672
0 0.07796778968566699 0.43296695595480666 0.053779696420698804 0.08093043345167153
0 0.3818017445404929 0.5811003322789667 0.02470977231552414 0.059513833387123544
0 0.291184528166785 0.3047656128384161 0.03672900308475491 0.060424596234531336
0 0.5559818491407035 0.7061763160049679 0.019678309748810872 0.03991875901739114
0 0.7951374122313322 0.6232478819221055 0.014842646158741082 0.03715060772458182
0 0.763048273760004 0.6929952831342294 0.01956642461930067 0.03030337440200653
0 0.7369539229667883 0.8678564497471062 0.014870617441118564 0.03955445387842797
0 0.8183269599838469 0.1811044108086018 0.019622367184055634 0.03511106670969877
0 0.7777412881922383 0.15396935558895347 0.01721852103020948 0.034928914140217183
0 0.37777387987811745 0.9272541784328129 0.010174810262936736 0.04880553335484942