0 0.7309734294620269 0.19951923076923078 0.08704657246665175 0.18269230769230768
0 0.7598766662608087 0.15625 0.11738729033419823 0.15144230769230768
0 0.6601222545027245 0.734375 0.11689767687826183 0.1346153846153846
0 0.6186217312271018 0.9627403846153846 0.1314164222343409 0.055288461538461536
0 0.9233028003137063 0.9423076923076923 0.0765476293723965 0.06971153846153846
0 0.8690619199306707 0.4519230769230769 0.06515790161794126 0.09134615384615384
0 0.5178370772689102 0.6262019230769231 0.09010564528885659 0.12259615384615384
0 0.5242627482393781 0.4879807692307692 0.05596218567907375 0.10576923076923077
0 0.43749234179973967 0.5372596153846154 0.059510871957215 0.0625
0 0.489521144913865 0.4014423076923077 0.060560043648507644 0.0985576923076923
0 0.5574547271456685 0.25600961538461536 0.1070025131451991 0.125
0 0.39022903242226786 0.4266826923076923 0.09052531396537357 0.13701923076923078
0 0.4072416567197331 0.7920673076923077 0.036171858212948556 0.08653846153846154
0 0.24736739001671013 0.9579326923076923 0.028260871957214932 0.0625
0 0.01636021545183813 0.4951923076923077 0.03272043090367626 0.18269230769230768