0 0.9762358519442258 0.5341083291015765 0.029181797873708986 0.05987813852608658
0 0.9877026685847722 0.8354998611797536 0.024594662830455586 0.06228198467993287
0 0.48974909160419156 0.13442381712026982 0.04860835945388536 0.09498920523578538
0 0.349937635402898 0.8831100475667599 0.036435291838691805 0.06763613469606994
0 0.2734029377580377 0.11803008586692802 0.058055922055492405 0.06687166166755781
0 0.24166505959481868 0.4448068729711091 0.04366081546804505 0.07058643855836057
0 0.2016441749219304 0.1738635857055577 0.026722011048603618 0.05008060134122038
0 0.013521834954171972 0.052684531439840976 0.02431816489475747 0.04989844877173883
0 0.04624107892987502 0.5140960539429761 0.019426561580176374 0.03511106670969884
0 0.034019063227329706 0.47832952186479893 0.01942656158017638 0.03511106670969884
0 0.05653474418427727 0.6314112026824408 0.0267919368876776 0.06209983211045129
0 0.9043861855173223 0.5743168289402061 0.02431816489475726 0.049898448771738796
0 0.7180095874609653 0.13369946506717334 0.019482502251435656 0.044726451325083384
0 0.45764759907778785 0.3987006042244508 0.021830407734022526 0.03529321927918042
0 0.4446502079166707 0.4361603035538406 0.029069916531190697 0.04064736929531735
0 0.37516243214016903 0.4693394175004134 0.029097886866820133 0.045455061603009654
0 0.6036754623727584 0.7185239891625762 0.02911187203463492 0.047858907756855945
0 0.4382707869401126 0.5786426919992421 0.024234253887868817 0.03547537184866201