0 0.0829326923076923 0.03125 0.07451923076923077 0.06009615384615385
0 0.039663461538461536 0.2247596153846154 0.03125 0.06971153846153846
0 0.3125 0.1201923076923077 0.051682692307692304 0.09735576923076923
0 0.33413461538461536 0.09375 0.055288461538461536 0.0985576923076923
0 0.7283653846153846 0.16947115384615385 0.05889423076923077 0.09975961538461539
0 0.6983173076923077 0.19831730769230768 0.08173076923076923 0.125
0 0.7944711538461539 0.6826923076923077 0.056490384615384616 0.09014423076923077
0 0.16706730769230768 0.6634615384615384 0.04326923076923077 0.09735576923076923
0 0.07211538461538461 0.9855769230769231 0.056490384615384616 0.028846153846153848
0 0.3401442307692308 0.9627403846153846 0.06009615384615385 0.07451923076923077
0 0.44471153846153844 0.9278846153846154 0.038461538461538464 0.08653846153846154
0 0.71875 0.6766826923076923 0.020432692307692308 0.055288461538461536