0 0.4469519930953955 0.9463675462761167 0.0818205381687994 0.10726490744776658
0 0.4275110634671741 0.8010684292821935 0.0316866813686728 0.07071886835072351
0 0.46341774179405265 0.8575321090247042 0.03139283369392952 0.06350732988918505
0 0.48854182509345745 0.7671932850677354 0.047970793565124265 0.11689561021839295
0 0.5420100456841174 0.8422734200661169 0.04527309973653469 0.10960012759942227
0 0.5954395705753499 0.415663234248825 0.08740364398892289 0.2598977514993652
0 0.709663057208615 0.5384730780273695 0.02599744603675064 0.048916364651243945
0 0.7288938264393843 0.5391446312868262 0.028401292190596797 0.049000308808675896
0 0.7604152318796201 0.5174413389506209 0.035461816671321214 0.10445665866200174
0 0.7386602250355826 0.48427589053552506 0.02359359988290449 0.04883242049381172
0 0.7288530321138114 0.4203221349863057 0.031980529043416084 0.07793040681226196
0 0.8293390863984007 0.5594552368971809 0.04458745516213369 0.09277320452249932
0 0.8771180716571384 0.6127328681960829 0.05400694132768918 0.08830128884453536
0 0.8839908779749185 0.5457609525181188 0.024128230476491715 0.12086386095176439
0 0.9107984501889342 0.5851039046326942 0.033253868967303916 0.10918040681226196