0 0.6185707113369717 0.13744768187238957 0.23318955027300703 0.11784565794928645
0 0.6315485218776189 0.25985934964647583 0.16868890404764378 0.18789757034954752
0 0.566376062426931 0.37052759455660467 0.043336244101831164 0.07217626583752171
0 0.6419972562406239 0.6408851065394536 0.04283196420800796 0.06496472737598324
0 0.5790852596707361 0.599448279793848 0.03338467289056432 0.06675239168583366
0 0.43608224347466507 0.7964686577647146 0.04747156321775902 0.0628689721441351
0 0.4131858084226114 0.4736743676775409 0.027064140901401856 0.04480968537922026
0 0.39945213800766904 0.5331847802907675 0.04607627685155968 0.07713800360621302
0 0.5467420932676789 0.4459710980918291 0.04473153046803064 0.05790723437544379
0 0.5319745930737546 0.5031546872817091 0.028072700689048675 0.05923276230229719
0 0.5099614877855517 0.4243973639293509 0.022424541891650798 0.04690544061106854