0 0.9661531207933418 0.6336013879849722 0.03178632383862898 0.05249788880606259
0 0.9068399873147022 0.5062057785060913 0.024294769187331047 0.04718591660454708
0 0.7796783513888195 0.8300773461084526 0.027118639625816544 0.05456554836402679
0 0.7078807889249904 0.5297729068505898 0.03757407281047985 0.06966099847886817
0 0.6936547482985577 0.6792063316425689 0.03220634812326832 0.059709427267601325
0 0.5419679872278256 0.6234383002351792 0.03220634812326832 0.059709427267601325
0 0.5320770727236032 0.12209355385165019 0.05015333595922956 0.08011684958395843
0 0.6697026313789027 0.1643630214746392 0.03517022665663342 0.06949290518092706
0 0.6173780483738065 0.1776764586447287 0.03757407281047957 0.06966099847886817
0 0.20833861917142574 0.26179292078009414 0.051437117354037554 0.061054173651130306
0 0.16849397885059714 0.945224614996767 0.022030931128364628 0.049421669460451984
0 0.5242998940063935 0.7344942332145905 0.04875325501043179 0.05607838804549695