0 0.8004807692307693 0.7367788461538461 0.18269230769230768 0.0829326923076923
0 0.84375 0.7644230769230769 0.15144230769230768 0.11298076923076923
0 0.265625 0.6814903846153846 0.1346153846153846 0.11298076923076923
0 0.037259615384615384 0.6466346153846154 0.055288461538461536 0.12860576923076922
0 0.057692307692307696 0.9507211538461539 0.06971153846153846 0.07451923076923077
0 0.5480769230769231 0.8822115384615384 0.09254807692307693 0.06129807692307692
0 0.3737980769230769 0.5360576923076923 0.12259615384615384 0.08533653846153846
0 0.5120192307692307 0.5384615384615384 0.10576923076923077 0.054086538461538464
0 0.46274038461538464 0.453125 0.0625 0.056490384615384616
0 0.5985576923076923 0.5012019230769231 0.0985576923076923 0.056490384615384616
0 0.7439903846153846 0.5649038461538461 0.12620192307692307 0.10336538461538461
0 0.5733173076923077 0.4026442307692308 0.13701923076923078 0.08653846153846154
0 0.20793269230769232 0.43028846153846156 0.08653846153846154 0.03245192307692308
0 0.042067307692307696 0.27524038461538464 0.06129807692307692 0.026442307692307692
0 0.5048076923076923 0.02283653846153846 0.1814903846153846 0.04326923076923077