0 0.21338636788293416 0.3603658490767375 0.03751999200649218 0.057052184879717825
0 0.25415067253297813 0.4257838378045124 0.037637545321763 0.09298389694874884
0 0.3650214788980782 0.5104479281919829 0.027400327497284084 0.04933672546353471
0 0.33867089456326627 0.7374121977531686 0.026896047603460742 0.04212518700199625
0 0.4425235257561042 0.8079681618142149 0.03086327342144748 0.030357916710087807
0 0.42772251889587964 0.717062938803375 0.02398792155579125 0.03478766830179635
0 0.4522993269609047 0.5854915231544265 0.040764304650044034 0.06919739588760976
0 0.5575225344950469 0.4858834420566829 0.03187183320909416 0.04478099363316473
0 0.606481107436501 0.7547413813811107 0.037856178602374405 0.06185987718741014
0 0.6827400478427784 0.792966291794253 0.027736514093166312 0.05414441777122702
0 0.5786786999436139 0.28814326705763454 0.037856178602374405 0.06185987718741007
0 0.3498013587258807 0.06852328740991612 0.021752168699886207 0.03706553421698156
0 0.3097594072838316 0.15144575809832428 0.01644019649837056 0.029602035278120793
0 0.9698843497778825 0.051708375954668276 0.03735189870855093 0.05464833872587159
0 0.7333565236380684 0.41273300108017297 0.03203992650703542 0.047184839787010886
0 0.8778218395329394 0.6500464330465163 0.06441603960995278 0.0991773718817138
0 0.594303139977174 0.45982929669964273 0.02365173495990902 0.029979975994104315
0 0.42425245622963115 0.33966420345917103 0.024324108151673476 0.039595360609488935
0 0.4886097191819487 0.4147026876119727 0.021584075401945093 0.03466168806313546