0 0.06819981871294813 0.37084493108492633 0.06407985301407065 0.09470634812326832
0 0.10018264846166779 0.8626759229248891 0.041655311122419963 0.04791320644115324
0 0.25688638837282085 0.8307710563818097 0.02192026199782732 0.03958160322057662
0 0.35150924159594693 0.44406628303844325 0.042831964208007826 0.06474012951807631
0 0.15013986461648388 0.11373783790693248 0.023214468398686076 0.09232621051031223
0 0.18256651770207183 0.09873102006344638 0.04474800381796074 0.1606139594821629
0 0.4087725194019968 0.3327537566757861 0.022592635189591776 0.049196987835961235
0 0.4999917633250349 0.08101438818500367 0.0791753031289122 0.1051617813079315
0 0.6099221431679686 0.2865421127636194 0.04215959101624323 0.05512474490269163
0 0.5256875677508923 0.5592042018941734 0.052732995436604375 0.10362169226425412
0 0.6857114302796027 0.5661108940498317 0.03321657959262307 0.06418009713855724
0 0.6469983118375924 0.7400515742369236 0.04165531112242003 0.04791320644115324
0 0.7817207732275231 0.07328686970003508 0.07100574486239708 0.05680484204124889