0 0.6346153846153846 0.09375 0.09134615384615384 0.05889423076923077
0 0.1466346153846154 0.15985576923076922 0.046875 0.037259615384615384
0 0.1875 0.3137019230769231 0.038461538461538464 0.020432692307692308
0 0.578125 0.38100961538461536 0.06129807692307692 0.037259615384615384
0 0.8954326923076923 0.15745192307692307 0.09134615384615384 0.016826923076923076
0 0.9122596153846154 0.18870192307692307 0.15865384615384615 0.03485576923076923
0 0.6923076923076923 0.43028846153846156 0.046875 0.020432692307692308
0 0.9483173076923077 0.5036057692307693 0.10096153846153846 0.07091346153846154
0 0.75 0.6274038461538461 0.054086538461538464 0.039663461538461536
0 0.4735576923076923 0.5625 0.09975961538461539 0.04567307692307692
0 0.47596153846153844 0.7223557692307693 0.06370192307692307 0.028846153846153848
0 0.3004807692307692 0.6959134615384616 0.04567307692307692 0.039663461538461536
0 0.9723557692307693 0.7836538461538461 0.054086538461538464 0.06850961538461539