0 0.20321700503112336 0.7225313166232544 0.05654716924545388 0.11010379254401506
0 0.4043034696788141 0.49147594038063214 0.0545908636096495 0.1484813868481213
0 0.3523936388508449 0.9225313370030143 0.07535836924055908 0.07471765349577944
0 0.2355472676639174 0.2174450869703919 0.05900695796405527 0.11499542900913931
0 0.46168640913434006 0.7267476212395112 0.0420401784752441 0.1023885891378838
0 0.6274318052884615 0.17106458173076922 0.6358212139423076 0.07697959134615386 0.5878184495192308 0.08270549038461539 0.48183524038461534 0.14562421153846156 0.4753784951923077 0.2527305288461539 0.5667998966346154 0.18745275240384615 0.6274318052884615 0.17106458173076922
0 0.35350802163461537 0.06897154567307692 0.3519152211538461 0.20585648798076922 0.3874395096153846 0.19784428365384615 0.40489407932692306 0.041157216346153845 0.35350802163461537 0.06897154567307692
0 0.8278056634615385 0.6832614423076924 0.8519061682692308 0.5823229038461538 0.7896644615384615 0.5579427956730769 0.7549320456730769 0.6770155432692307 0.8278056634615385 0.6832614423076924
0 0.7015787764423076 0.7843347475961538 0.7317400889423078 0.5207596177884615 0.8139156346153846 0.44405567788461536 0.7932544951923077 0.4285297908653846 0.699749764423077 0.4937348173076923 0.6646469086538461 0.8237571201923076 0.6807754663461538 0.8705840456730769 0.7498698557692307 0.8433881033653846 0.8005371105769231 0.7877904495192307 0.78466684375 0.7187659663461539 0.78779184375 0.7188750937499999 0.7846689158653846 0.7132143942307692 0.7834745048076923 0.7316781634615384 0.7015787764423076 0.7843347475961538
0 0.8402412881922383 0.12433237817815314 0.05830767590461505 0.054899275162985435
0 0.905606660505315 0.08693540889035792 0.06350696616559376 0.08872100963169577
0 0.9066924881261575 0.6136295490549618 0.12142304411692241 0.10996643864083512
0 0.6310070891886733 0.3322574114082245 0.03248073642461472 0.1068605048158479
0 0.6877220861283928 0.21159197318300868 0.026360077975803017 0.20035867234355165
0 0.6391925701415437 0.8688187686605093 0.0516835343730062 0.1051282119214583
0 0.6768709126965091 0.9374695674871151 0.04391257026391589 0.056799456372239106
0 0.8101495702149669 0.33370355882922265 0.048804176418740915 0.06417888314864174
0 0.828333100487204 0.21770462946970875 0.06797900308475491 0.06004274410040612
0 0.5276696758556663 0.32624396648479864 0.09710486975468481 0.0850885355280527