0 0.6300802281747898 0.7740776942197758 0.07447007552556073 0.03220498186642418
0 0.24283979880904355 0.6627995364905749 0.0906591706312696 0.05451136285509369
0 0.2499530267832418 0.6049952678642582 0.03438958788023468 0.03991703060365573
0 0.3642883653846154 0.6541861850961539 0.4047787596153846 0.6655247524038461 0.4080158822115385 0.6658315817307692 0.5773523028846154 0.5639163365384615 0.46176123557692306 0.5825450961538462 0.3642883653846154 0.6541861850961539
0 0.6359663603519812 0.525951382900753 0.0552393062947915 0.031309294394352025
0 0.5979464256191422 0.5516692584493497 0.0694661589753536 0.02957721384455999
0 0.5826649172265843 0.5775254282017838 0.051020286714643086 0.03829691098787244
0 0.6475182195741801 0.13507612776290648 0.030612172028785797 0.022978146592723528
0 0.6292439939341492 0.10958548800967538 0.09708581212274936 0.04523186104173607
0 0.7077610456870128 0.001096411848656978 0.0700548317028975 0.002192823697313956
0 0.3257952834438248 0.14527120061242169 0.09600638042283577 0.09068101609679495
0 0 0.17260264903846154 0.010826942307692307 0.19677878605769233 0.15204081971153846 0.21171530528846152 0.15342903125 0.21203670192307691 0.2252731514423077 0.18882343028846152 0.08941900961538461 0.14808055288461539 0.026819939903846155 0.12577768990384613 0 0.15444342548076923 0 0.17260264903846154