0 0.23696677260035695 0.9412912891827443 0.0524978888060628 0.03149173885803801
0 0.3715903938907067 0.8964745198820853 0.04718591660454708 0.024028239919177217
0 0.06805811533922199 0.7346014064291118 0.05456554836402669 0.02681002678900713
0 0.37592675300443584 0.6964513681582098 0.06966099847886817 0.03718129283635873
0 0.22968710087333816 0.6658670450190102 0.05970942726760126 0.031869679574021766
0 0.3061306079274869 0.5214949631206535 0.059709427267601325 0.031869679574021634
0 0.8047858615439579 0.5669296219929433 0.0801168495839585 0.04970444456023388
0 0.7436899445515622 0.698836431477113 0.06949290518092692 0.0347774466825123
0 0.7377726124908826 0.6454478951378531 0.06966099847886817 0.03718129283635845
0 0.7113121515493249 0.23029073426403107 0.061054173651130236 0.05110044880479086
0 0.03897461499676685 0.11543738388466178 0.04942166946045212 0.02175037400399236
0 0.19843654090689827 0.49172440072310936 0.056078388045496814 0.04844464217362238