0 0.47356442883020466 0.8107218545386843 0.03795973950936963 0.1647207008230199
0 0.508056571390065 0.778254664255919 0.048748233853985676 0.05937119084094943
0 0.5080976862483173 0.6784530767925877 0.04377271385202765 0.04478022560300806
0 0.5847262226411154 0.5471191224452757 0.036784945649510147 0.0637591623614813
0 0.5362551754149637 0.20492208935776926 0.029349636928950727 0.044276560658415814
0 0.5852831220927254 0.2849739754398968 0.05875521642265683 0.09336081362452393
0 0.36639846153846156 0.3991371081730769 0.41713255528846155 0.30695293509615384 0.40080283413461537 0.2853166057692308 0.3497181995192308 0.3473755168269231 0.2654021923076923 0.31701003125 0.29619095673076923 0.2762802596153846 0.3539130264423077 0.2472994278846154 0.3203607307692308 0.2040579471153846 0.2404094735576923 0.24174595432692308 0.22162645673076925 0.3930893677884616 0.29655265865384617 0.38412814903846154 0.36639846153846156 0.3991371081730769
0 0.4190809110576923 0.5511572572115384 0.3879488894230769 0.48562467548076926 0.3447339230769231 0.5331331153846154 0.37101421875 0.5655252548076923 0.4190809110576923 0.5511572572115384
0 0.33570582211538463 0.6016543028846153 0.31962322836538465 0.5244928942307692 0.26301540384615385 0.5724690264423077 0.2795849663461538 0.614717375 0.33570582211538463 0.6016543028846153
0 0.18753960096153846 0.6877237716346154 0.2752425432692308 0.7021091442307692 0.23767603124999997 0.6209394206730768 0.18753960096153846 0.6877237716346154
0 0.01566095673076923 0.731794326923077 0.03547714423076923 0.6692411490384615 0.11762 0.6663726586538462 0.04796597836538462 0.5910820072115385 0.010816516826923077 0.6225167932692308 0.01566095673076923 0.731794326923077
0 0.06996600721153846 0.25562889182692305 0.03334769951923077 0.17918461057692306 0.017571463942307693 0.2051144735576923 0.01825409134615385 0.26377944951923077 0.06996600721153846 0.25562889182692305
0 0.25042041130097814 0.13073485662885603 0.04377271385202772 0.04478022560300833