0 0.13701923076923078 0.4230769230769231 0.06009615384615385 0.021634615384615384
0 0.24519230769230768 0.4254807692307692 0.11899038461538461 0.021634615384615384
0 0.39663461538461536 0.4206730769230769 0.11899038461538461 0.026442307692307692
0 0.546875 0.42908653846153844 0.109375 0.03125
0 0.7524038461538461 0.421875 0.11778846153846154 0.026442307692307692
0 0.7151442307692307 0.515625 0.06009615384615385 0.04567307692307692
0 0.46875 0.4579326923076923 0.09735576923076923 0.0625
0 0.4338942307692308 0.5612980769230769 0.08653846153846154 0.036057692307692304
0 0.6081730769230769 0.4495192307692308 0.0625 0.021634615384615384
0 0.9543269230769231 0.4254807692307692 0.09134615384615384 0.027644230769230768
0 0.703125 0.6526442307692307 0.04807692307692308 0.09615384615384616