0 0.6922023431196317 0.8468382506096527 0.10737796069587965 0.06392232820910702
0 0.459992018190972 0.6290947429083927 0.14817340053184472 0.06485429417801022
0 0.8913204026845991 0.7112901065610332 0.07428367277738947 0.08040595804467078
0 0.1869621203086309 0.7790907398680069 0.11465944393683741 0.06691484709049707
0 0.6949137145995365 0.5880323405861618 0.10215059971166997 0.04910680280100074
0 0.050180949519230765 0.4165318533653846 0.11371237499999999 0.5271760961538462 0.22084902403846154 0.5411422884615384 0.15504347115384617 0.4449303798076923 0.13830344951923076 0.38300373798076925 0.04417599278846154 0.3680111947115385 0.050180949519230765 0.4165318533653846
0 0.1664784230769231 0.6254560240384616 0.009700358173076924 0.5969962307692308 0.03781194230769231 0.650453860576923 0.1746968846153846 0.6616276802884615 0.1664784230769231 0.6254560240384616
0 0.5242110384615384 0.24744256971153847 0.6434779134615384 0.2905907451923077 0.6492991634615385 0.2179760745192308 0.5482271634615384 0.18675453846153844 0.5242110384615384 0.24744256971153847
0 0.4101904615384615 0.21516405288461538 0.39478590384615386 0.23478940625 0.46053083653846155 0.3330846490384615 0.7907351322115385 0.39136321394230766 0.8374649951923078 0.37847148798076924 0.809868670673077 0.3073055264423077 0.7539798317307693 0.2526246009615385 0.6850524086538462 0.2637043581730769 0.6851433365384616 0.2605793581730769 0.679501201923077 0.2633138653846154 0.6979706754807692 0.26580300721153843 0.7511004375 0.35158293509615385 0.4873675817307692 0.3029069495192308 0.4101904615384615 0.21516405288461538
0 0.09033556763523545 0.1664047037331756 0.05456329009068363 0.06200924102763043
0 0.05256061514110067 0.0982631575778374 0.0883570258033688 0.0695640727305281
0 0.5792127571716669 0.1340247282270116 0.10926646974020625 0.12882617436295318
0 0.2994645473743884 0.3906975426690078 0.10667851290168442 0.03988386667064548
0 0.17847712345488326 0.3254016447622981 0.20021867856342587 0.04032507366717912
0 0.8359419083585977 0.42003247182670217 0.10483422498319438 0.0589184116588999
0 0.9043687171370022 0.38706521215557455 0.05414362141416645 0.04758616410455351
0 0.29986774113344955 0.21121855572244 0.0638988955883902 0.053178753382304524
0 0.18377081612784768 0.18487475688355542 0.05965076151605399 0.0720170741280444
0 0.2940530757055034 0.49386670304187774 0.08452856040754962 0.10282547039934488