0 0.869693877001395 0.5819437521685888 0.06034789538755229 0.021984244579985174
0 0.7614928287959404 0.5789105734630768 0.12044404923370614 0.022333873775355235
0 0.6101064636683879 0.582837200198437 0.12049999179846137 0.027141566083047543
0 0.45976817956468174 0.5735496656715507 0.11094054974783199 0.03189331771948071
0 0.25432324725796845 0.579565472284924 0.11809614564461522 0.02712758091523262
0 0.29049198262985715 0.48603224238605336 0.06062760821132835 0.046022706118446846
0 0.5375575241761504 0.5451580297793778 0.096881099495664 0.06305940671259186
0 0.5712105282646825 0.4419954300973077 0.0869580307741257 0.03656115834902502
0 0.3982323467413951 0.552760351584581 0.06275174154139844 0.021998229747800097
0 0.05235821341132508 0.5747849489577119 0.09168180923468515 0.02937759022311613
0 0.3009168503035643 0.34908293745589664 0.049195774372027316 0.09643354951014214