0 0.3016826923076923 0.07451923076923077 0.05048076923076923 0.030048076923076924
0 0.4326923076923077 0.12620192307692307 0.04567307692307692 0.021634615384615384
0 0.11899038461538461 0.27163461538461536 0.052884615384615384 0.02403846153846154
0 0.4230769230769231 0.32572115384615385 0.06850961538461539 0.03365384615384615
0 0.27524038461538464 0.3485576923076923 0.057692307692307696 0.030048076923076924
0 0.34134615384615385 0.4963942307692308 0.057692307692307696 0.027644230769230768
0 0.8413461538461539 0.47716346153846156 0.078125 0.04567307692307692
0 0.7896634615384616 0.3425480769230769 0.06610576923076923 0.03125
0 0.7800480769230769 0.3954326923076923 0.06610576923076923 0.03245192307692308
0 0.7247596153846154 0.8076923076923077 0.05889423076923077 0.046875
0 0.046875 0.8870192307692307 0.04807692307692308 0.020432692307692308
0 0.23197115384615385 0.5204326923076923 0.054086538461538464 0.04567307692307692