0 0.32607437375840614 0.0656248836514576 0.050598322546040055 0.036337395663988234
0 0.4208834735287233 0.08541505959481868 0.08062112947778169 0.05333214075468888
0 0.5245356246901997 0.39143074985964965 0.059373240671719105 0.024374105566016678
0 0.26186049407913453 0.29611441106439246 0.06021370716142467 0.036393336335247446
0 0.6240436600943433 0.567561829393807 0.03980628484506737 0.019454531915805946
0 0.5064408851366329 0.8049552215763547 0.037066252095339126 0.014632854440298852
0 0.5807414826252522 0.7741247766107986 0.03019090022968289 0.019398591244546664
0 0.7591051079123559 0.7511142249067247 0.03947009824918542 0.0146468396081135
0 0.06167057001745901 0.820403804268371 0.0349985925373752 0.01942656158017651
0 0.040489694543996695 0.7793985679748382 0.03483049923943407 0.017022715426330357
0 0.8706894708440458 0.3934446140249804 0.04874929626868753 0.009895087971680611