0 0.2293934790447162 0.6247977477346409 0.12181046341176358 0.22957113723111833
0 0.3549575741504251 0.642109239011504 0.19063919114806893 0.16246186764997445
0 0.45721934617622695 0.5806814163134685 0.07285112634177328 0.04089591902706884
0 0.7414125114478641 0.6659797612857017 0.06563958788023481 0.040644086554772724
0 0.6903432678556337 0.6014689310461421 0.06725853706402227 0.031112646096820056
0 0.8684490818367647 0.465071622380031 0.06362819021141775 0.045367834705032944
0 0.5389996673828321 0.4307729787890017 0.04523147319437753 0.025549456372239102
0 0.5971090011820042 0.419100962316531 0.07785504289198013 0.04346765349577918
0 0.5305612314903697 0.5636560705099969 0.058624273661210896 0.04279610023632262
0 0.5861686070144383 0.5508660751180352 0.05965455011745432 0.026053121316831625
0 0.5033831820716734 0.5260339736227793 0.047242870863194335 0.02082570822197888