0 0.6437291899038461 0.0010416658653846155 0.732519423076923 0.1447916658653846 0.8213096562500001 0.103125 0.7806141322115384 0 0.6437291899038461 0.0010416658653846155
0 0.07954125 0.19687500000000002 0.009248983173076923 0.171875 0.02034776201923077 0.2322916658653846 0.07214206490384616 0.2520833341346154 0.07954125 0.19687500000000002
0 0.7127403846153846 0.4963942307692308 0.09014423076923077 0.05889423076923077
0 0.9110576923076923 0.5516826923076923 0.04567307692307692 0.10576923076923077
0 0.3389423076923077 0.7379807692307693 0.2536057692307692 0.10216346153846154
0 0.36778846153846156 0.7043269230769231 0.16706730769230768 0.13581730769230768
0 0.2704326923076923 0.4951923076923077 0.10697115384615384 0.17307692307692307
0 0.6045673076923077 0.6478365384615384 0.078125 0.051682692307692304
0 0.6237980769230769 0.9314903846153846 0.11899038461538461 0.09615384615384616
0 0.9206730769230769 0.953125 0.06850961538461539 0.06129807692307692
0 0.8221153846153846 0.9639423076923077 0.06490384615384616 0.06009615384615385
0 0.6358173076923077 0.7295673076923077 0.09375 0.07692307692307693
0 0.859375 0.7487980769230769 0.09014423076923077 0.03485576923076923
0 0.9495192307692307 0.7103365384615384 0.0625 0.06129807692307692