0 0.5360576923076923 0.14903846153846154 0.07211538461538461 0.03365384615384615
0 0.3161057692307692 0.3016826923076923 0.11298076923076923 0.05048076923076923
0 0.5552884615384616 0.27403846153846156 0.14182692307692307 0.09615384615384616
0 0.46875 0.3293269230769231 0.18509615384615385 0.12980769230769232
0 0.4483173076923077 0.4050480769230769 0.08173076923076923 0.03485576923076923
0 0.3858173076923077 0.45072115384615385 0.036057692307692304 0.01201923076923077
0 0.4387019230769231 0.4495192307692308 0.05889423076923077 0.027644230769230768
0 0.44711538461538464 0.48197115384615385 0.040865384615384616 0.025240384615384616
0 0.2608173076923077 0.4963942307692308 0.04567307692307692 0.020432692307692308
0 0.2608173076923077 0.5252403846153846 0.07211538461538461 0.028846153846153848
0 0.4050480769230769 0.625 0.06129807692307692 0.03125
0 0.5456730769230769 0.5084134615384616 0.037259615384615384 0.02283653846153846
0 0.6574519230769231 0.5108173076923077 0.046875 0.021634615384615384
0 0.5528846153846154 0.8353365384615384 0.05048076923076923 0.027644230769230768