0 0.17307692307692307 0.5360576923076923 0.16466346153846154 0.036057692307692304
0 0.20432692307692307 0.5012019230769231 0.056490384615384616 0.04807692307692308
0 0.30408653846153844 0.5 0.04326923076923077 0.04447115384615385
0 0.4326923076923077 0.421875 0.06370192307692307 0.036057692307692304
0 0.7764423076923077 0.46634615384615385 0.04447115384615385 0.028846153846153848
0 0.6947115384615384 0.4182692307692308 0.09254807692307693 0.057692307692307696
0 0.5882352932692307 0.6383928557692309 0.605676233173077 0.7080357139423078 0.5993340721153846 0.7830357139423078 0.7499603629807693 0.7625 0.7848422379807692 0.6821428557692308 0.7404471225961539 0.6491071442307692 0.7134929447115385 0.7071428557692307 0.6738544471153846 0.7383928557692307 0.640558110576923 0.6544642860576922 0.700808625 0.6026785721153846 0.6786110673076924 0.5866071442307692 0.5882352932692307 0.6383928557692309
0 0.5010306009615385 0.6178571442307692 0.43443792548076926 0.5875 0.42175360817307694 0.6357142860576922 0.4550499447115385 0.6616071442307692 0.5010306009615385 0.6178571442307692
0 0.46456318509615385 0.6866071442307693 0.38687173076923076 0.6714285721153845 0.3757729519230769 0.7276785721153847 0.4185825264423077 0.7437499999999999 0.46456318509615385 0.6866071442307693
0 0.28856825721153845 0.7330357139423077 0.3060091971153846 0.8205357139423076 0.3710163317307692 0.7696428557692307 0.28856825721153845 0.7330357139423077
0 0.3773584903846154 0.9964285721153847 0.40748374759615386 0.9589285721153846 0.32979229326923076 0.8901785721153845 0.32979229326923076 0.9723214278846153 0.26795623798076923 0.9928571442307692 0.3773584903846154 0.9964285721153847
0 0.8197241153846153 0.96875 0.7420326634615384 0.9330357139423077 0.7356905024038463 0.9848214278846155 0.7943554783653847 0.9848214278846155 0.8197241153846153 0.96875
0 0.8605769230769231 0.7512019230769231 0.04447115384615385 0.04326923076923077