0 0.9701484310340664 0.024530864654876264 0.059703137931867135 0.04906172930975253
0 0.8907204327738635 0.2458321595697434 0.09800061761735207 0.06017071816387839
0 0.9179182378830599 0.26546309669006146 0.10048840792863017 0.06275671688720613
0 0.8559639258557682 0.6654316718595005 0.10297619823990854 0.06534271561053373
0 0.8260684700417132 0.6375694257702023 0.12785410135269096 0.09120270284381113
0 0.3450512363389967 0.770427014674586 0.09336081362452393 0.06461410533260739
0 0.34237258047999153 0.14156594796488714 0.09766484098762372 0.05055533354849377
0 0.0169414016460395 0.07102246919849517 0.030860813624523906 0.059878138526086595
0 0.049137713661255536 0.33732086594226635 0.07661783470503293 0.06574288350008271
0 0.08764505374032051 0.4392469613770912 0.08788156805737489 0.04501903096287526
0 0.3484166107645014 0.6942504794047282 0.055960014797918234 0.02342027832884542