0 0.6243519995129707 0.23522397320417274 0.05626768845033489 0.03784335525192241
0 0.5559951355139856 0.26618139356638093 0.0922554359786075 0.038171797640299834
0 0.46280830684000623 0.36391797990312963 0.04877637087111818 0.027681512928092972
0 0.2392727250952322 0.30481940696429455 0.04156483240957971 0.027135055219648353
0 0.16068383529287852 0.39763929333331727 0.029685491199187935 0.03103198467993287
0 0.25227479586700063 0.3961476294351556 0.034283349168621684 0.024184751357357443
0 0.3811032612628198 0.4396377143410068 0.06835686399898495 0.04115796425317642
0 0.4716008290198126 0.5585205107046344 0.044108568122265 0.03212490009682211
0 0.20029382696937642 0.568076423561034 0.061075380758026994 0.038207660390885516
0 0.1560932035047737 0.6382060612874143 0.05358406317881048 0.028045818067056142
0 0.6665000912566913 0.608221714348152 0.061075380758026925 0.038207660390885516
0 0.9034594350045487 0.4129679764029986 0.03661725054304828 0.021963057772992876
0 0.8242595396596731 0.3611927884022889 0.02926582252267096 0.01660890775685581
0 0.5300568936402725 0.7436360153343577 0.04651241427611101 0.032307052666303966
0 0.28235943571565386 0.8525513756858238 0.0978325208599144 0.06497841047157056
0 0.49452017408756205 0.5988035748609886 0.02947565686092938 0.023820446218394273
0 0.6278122435394384 0.4474910450205606 0.039091041476313995 0.024549056496320613
0 0.5479735964436604 0.5004653172816401 0.03421340438920226 0.021780905203511287