0 0.8427502259615385 0.3123001466346154 0.9823647548076924 0.40862399759615387 0.9897819399038461 0.2717936466346154 0.8885523629807692 0.22569356971153848 0.8427502259615385 0.3123001466346154
0 0.7716176466346153 1 0.7602539447115385 0.9625487475961538 0.7047009879807693 0.9670545865384615 0.7155386153846154 1 0.7716176466346153 1
0 0.4902264376166924 0.31365247538412777 0.061946823184650196 0.0943696795740215
0 0.44417475313397425 0.11243762220261343 0.10789648851540203 0.05121620742416784
0 0.23122997391675262 0.6747895383217585 0.11282939746649366 0.2600988623314609
0 0.26622735127870695 0.6477071078168607 0.14245264999601537 0.17532412413425563
0 0.47082754883595734 0.7560231578111506 0.17800320417331955 0.11483980795283398
0 0.3337458878939792 0.4138887972715518 0.05646736527290376 0.07969464217362238
0 0.0509877292122051 0.37979235987876603 0.10175189285429671 0.12523151723875395
0 0.04318028917770263 0.08178353773081562 0.06563490615225231 0.07058317851288239
0 0.029666066361612023 0.17977431896453272 0.059332132723224046 0.0680533521203751
0 0.25347061080532707 0.3783554691570724 0.08128955334942838 0.09778136763715696
0 0.2446522084373959 0.15378993494009088 0.03790836164618859 0.09310987718741003
0 0.28731228192427233 0.06566138798943862 0.06541098428423425 0.06577548620519008