0 0.5924061124939873 0.9358076865783789 0.09403321626237006 0.06194682318464992
0 0.1075042689484659 0.8469738477437805 0.049868298021067264 0.0407007571417186
0 0.15553515334042725 0.6950310297757797 0.03935722593361056 0.021022144174913555
0 0.5492950594926795 0.6459169892445519 0.06429137494414419 0.041372522745772716
0 0.8561903849375339 0.8842535248414336 0.09212988038421699 0.021081438569265306
0 0.8744728001565741 0.8537872513794967 0.16022129922997244 0.041043267798440954
0 0.6657729509475566 0.6019562874561337 0.04897261054899524 0.021469987910949503
0 0.9251973748194469 0.5405628192357858 0.1043203664818088 0.07681774384376307
0 0.7326460552286032 0.40752796525696533 0.05467599032875971 0.040924679009736634
0 0.45318080231805224 0.45955630399977526 0.10308879620770971 0.05037543615145537
0 0.4630300505834976 0.29981249570301505 0.06384353120810811 0.0317571381303881
0 0.2863177110786293 0.3180816552126649 0.04746445186722111 0.040588796207709575
0 0.9622792851699582 0.2616343516527989 0.056019521536867685 0.06977083285589056