0 0.40128182379064575 0.8458272773315655 0.048444067032439427 0.16493077683525514
0 0.43850557642467547 0.815997541092825 0.05244858474448085 0.0596512921905968
0 0.4472668311350839 0.7162869003206669 0.04654797701989903 0.045032316817691015
0 0.5351369936023482 0.5908644808996171 0.04079365911421325 0.0639692383737167
0 0.5167136571920596 0.24530242023869986 0.03212490009682211 0.044444621468204173
0 0.5585973929066091 0.32899217396775804 0.06461410533260767 0.09369693524410067
0 0.33040548076923076 0.42649906971153845 0.3890394591346154 0.3382334014423077 0.3746500600961538 0.3153809831730769 0.3182988365384615 0.37352139182692307 0.2368933125 0.33680522596153845 0.2711469375 0.29844006971153847 0.3312251153846154 0.2738506658653846 0.3015534639423077 0.2281094471153846 0.21855312980769231 0.2597170216346154 0.18660363701923074 0.4095065456730769 0.26208421875 0.4062203990384615 0.33040548076923076 0.42649906971153845
0 0.36964426923076926 0.5823701610576923 0.3443332163461538 0.5145405264423076 0.2970990096153846 0.5587385072115384 0.32046882211538463 0.5930898966346153 0.36964426923076926 0.5823701610576923
0 0.28211134615384614 0.6265165288461538 0.2728198798076923 0.5482065961538461 0.2121928173076923 0.591858860576923 0.22502033173076924 0.6353232956730769 0.28211134615384614 0.6265165288461538
0 0.1268768076923077 0.7013034110576922 0.21305521153846152 0.7223097043269231 0.18269561298076922 0.6383700024038461 0.1268768076923077 0.7013034110576922
0 0 0.6722770480769231 0.059036125 0.6746825865384616 0 0.5990897716346154 0 0.6722770480769231
0 0 0.26453529807692305 0.04741668990384615 0.2606959230769231 0.017589509615384614 0.18154922355769232 0 0.20570779326923078 0 0.26453529807692305
0 0.23823322789314555 0.14956082170172233 0.0465479770198991 0.04503231681769085