0 0.8536521778846153 0.2923645985576923 0.996885610576923 0.38533752884615385 0.9987236514423077 0.2484828966346154 0.8958354110576923 0.20478674038461536 0.8536521778846153 0.2923645985576923
0 0.8172201057692308 1 0.7977699278846154 0.9438273004807692 0.742518545673077 0.9496200865384616 0.7612681754807693 1 0.8172201057692308 1
0 0.5019345416769011 0.3019130466730026 0.05822374406926997 0.09302482855222209
0 0.4477998564831602 0.1019870090540462 0.10603494895771184 0.048750647217535366
0 0.2581733096201617 0.6686816732644189 0.10244396624990688 0.2577453730433118
0 0.29199497778778544 0.640814746330138 0.13559434636242032 0.1721861384167231
0 0.5005631938759015 0.7442557113704047 0.17369227046077407 0.11080525488743558
0 0.34986290143292753 0.40567960249265045 0.05333214075468881 0.07846186207030612
0 0.06632093662159974 0.37819534929037907 0.09685310454458597 0.12299009886908809
0 0.046413489462111705 0.08069084627560351 0.0628915846988143 0.06912625657259955
0 0.03502278988939737 0.17893378707590804 0.06047375337715334 0.0666524656393339
0 0.26831393938375064 0.37205147999238714 0.07746849846785399 0.09598823294142442
0 0.2503837907597575 0.14793422944933873 0.034185282530808436 0.092325380758027
0 0.28936977301435085 0.05890911515082012 0.06286361436318472 0.06431856426490726