0 0.06009615384615385 0.40865384615384615 0.11899038461538461 0.07692307692307693
0 0.2127403846153846 0.3954326923076923 0.06971153846153846 0.028846153846153848
0 0.15745192307692307 0.42908653846153844 0.06129807692307692 0.028846153846153848
0 0.24879807692307693 0.4579326923076923 0.11538461538461539 0.04326923076923077
0 0.17548076923076922 0.5084134615384616 0.10817307692307693 0.040865384615384616
0 0.6045673076923077 0.5793269230769231 0.25721153846153844 0.078125
0 0.4855769230769231 0.6887019230769231 0.04807692307692308 0.025240384615384616
0 0.4855769230769231 0.7079326923076923 0.046875 0.026442307692307692
0 0.5084134615384616 0.7403846153846154 0.10336538461538461 0.03125
0 0.5408653846153846 0.7199519230769231 0.04807692307692308 0.021634615384615384
0 0.6045673076923077 0.7127403846153846 0.07692307692307693 0.027644230769230768
0 0.46875 0.8076923076923077 0.09134615384615384 0.040865384615384616
0 0.4170673076923077 0.8533653846153846 0.08774038461538461 0.05048076923076923
0 0.484375 0.8629807692307693 0.1201923076923077 0.020432692307692308
0 0.44591346153846156 0.8882211538461539 0.10817307692307693 0.030048076923076924