0 0.0010789818002749278 0.5399711456446152 0.0021579636005498557 0.05802796308083899
0 0.006499440150628396 0.23935052000195794 0.012998880301256791 0.06043180923468515
0 0.4424190178519761 0.9085881282744723 0.05499872071722291 0.09190557949370597
0 0.6442099990389232 0.15065102060174415 0.04097581168369484 0.06532341538951028
0 0.6587651716981301 0.911105543688457 0.062428274498828915 0.0631713107770626
0 0.7173739198709519 0.5821702185648204 0.048369502714714886 0.06781117539048918
0 0.7355254468352949 0.8506466052367082 0.0300853590819394 0.04838460718307676
0 0.9149196574933647 0.9597995191083155 0.027681512928092972 0.048356635900699003
0 0.9196627213412685 0.5003152626939801 0.021780905203511426 0.033877616412866976
0 0.9290407398530166 0.5353108883366373 0.021780905203511426 0.033877616412866976
0 0.9188817363457404 0.38361683910293115 0.030996121929347052 0.060403837952307526
0 0.06112533927922858 0.49513720719286647 0.027681512928093042 0.048356635900699274
0 0.2126874889654797 0.9239597026024458 0.02250951548143763 0.043493001028251724
0 0.4962917992182772 0.6421528031508358 0.024184751357357443 0.03390558769524459
0 0.5124273941761361 0.6038451067423741 0.03176059495785894 0.038797193850069626
0 0.5850533737493799 0.5661947354697863 0.03212490009682224 0.04360488615776207
0 0.3754676351658904 0.33158029543894857 0.032307052666303834 0.04600873231160822
0 0.5304770105218284 0.46090017443566084 0.026588597511203595 0.033933558977622354