0 0.3701923076923077 0.1875 0.055288461538461536 0.03365384615384615
0 0.4375 0.22355769230769232 0.09134615384615384 0.03125
0 0.5276442307692307 0.328125 0.04807692307692308 0.02283653846153846
0 0.7524038461538461 0.2860576923076923 0.040865384615384616 0.025240384615384616
0 0.828125 0.38461538461538464 0.028846153846153848 0.027644230769230768
0 0.7367788461538461 0.3762019230769231 0.03365384615384615 0.021634615384615384
0 0.6069711538461539 0.4098557692307692 0.06610576923076923 0.036057692307692304
0 0.5132211538461539 0.5216346153846154 0.04326923076923077 0.028846153846153848
0 0.7836538461538461 0.5516826923076923 0.06009615384615385 0.03365384615384615
0 0.8257211538461539 0.625 0.054086538461538464 0.025240384615384616
0 0.3173076923076923 0.5564903846153846 0.06009615384615385 0.03245192307692308
0 0.08653846153846154 0.34375 0.036057692307692304 0.018028846153846152
0 0.16706730769230768 0.2980769230769231 0.030048076923076924 0.015625
0 0.10216346153846154 0.9627403846153846 0.054086538461538464 0.03365384615384615
0 0.4495192307692308 0.7019230769230769 0.04567307692307692 0.028846153846153848
0 0.6935096153846154 0.8293269230769231 0.09615384615384616 0.057692307692307696
0 0.4891826923076923 0.5600961538461539 0.027644230769230768 0.021634615384615384
0 0.3605769230769231 0.39903846153846156 0.037259615384615384 0.021634615384615384
0 0.4387019230769231 0.4579326923076923 0.03365384615384615 0.019230769230769232