0 0.39712170687977316 0.5186799348940891 0.0999982559270653 0.16141728818974338
0 0.4880167308049867 0.4749459535991463 0.059433624592307464 0.13401387805413092
0 0.4610382994263551 0.8923739472190894 0.0728051550787747 0.12325650300883186
0 0.16417473993995843 0.604659931776781 0.12529857318945842 0.1779434579860397
0 0.20328300695940302 0.6620672868844022 0.09693406061054113 0.09912759747706555
0 0.26641502486695307 0.7448054706007129 0.09242712158347569 0.074878826651282
0 0.2617440885948023 0.8799918504310548 0.07971594025968638 0.14771558312193717
0 0.3002443087794878 0.3172363191470804 0.2087118167188031 0.20432474298575456
0 0.40829534031737924 0.14557271847998657 0.07487882665128186 0.09242712158347564
0 0.1545855064885333 0.26438003501759294 0.09098437787293424 0.11291974653817648
0 0.29758493134166736 0.3067344753857556 0.11502283941139578 0.11502283941139578
0 0.687624225476354 0.29288675385997287 0.12743326745455838 0.06601423519188014