0 0.46033653846153844 0.026442307692307692 0.05889423076923077 0.027644230769230768
0 0.7608173076923077 0.014423076923076924 0.06009615384615385 0.028846153846153848
0 0.09735576923076923 0.5108173076923077 0.09134615384615384 0.046875
0 0.8569711538461539 0.6550480769230769 0.06490384615384616 0.036057692307692304
0 0.09735576923076923 0.7271634615384616 0.06129807692307692 0.05889423076923077
0 0.4266826923076923 0.7608173076923077 0.06610576923076923 0.042067307692307696
0 0.15865384615384615 0.7992788461538461 0.04807692307692308 0.026442307692307692
0 0.051682692307692304 0.9867788461538461 0.04807692307692308 0.02403846153846154
0 0.5108173076923077 0.9567307692307693 0.03485576923076923 0.018028846153846152
0 0.47596153846153844 0.96875 0.03245192307692308 0.020432692307692308
0 0.6274038461538461 0.9471153846153846 0.06009615384615385 0.026442307692307692
0 0.5060096153846154 0.0985576923076923 0.04807692307692308 0.02403846153846154
0 0.07932692307692307 0.2824519230769231 0.04326923076923077 0.019230769230769232
0 0.3641826923076923 0.5444711538461539 0.03365384615384615 0.021634615384615384
0 0.4026442307692308 0.5576923076923077 0.038461538461538464 0.027644230769230768
0 0.4411057692307692 0.6274038461538461 0.04447115384615385 0.030048076923076924
0 0.6730769230769231 0.40024038461538464 0.04567307692307692 0.028846153846153848
0 0.5456730769230769 0.5649038461538461 0.03365384615384615 0.02283653846153846