0 0.9702814791751487 0.1393559545442387 0.059437041649702524 0.07801943314122495
0 0.7768565468264731 0.08481607213718666 0.0709848783854263 0.03531023475151326
0 0.8925410915465707 0.36374296272599504 0.09830872910196412 0.05848493917980618
0 0.9198649422631083 0.3869176671542878 0.1008105244807247 0.06102879342853207
0 0.860207461302924 0.7767381813963444 0.10331231985948527 0.06357264767725795
0 0.8301369421453395 0.7450100073347102 0.1283302736470911 0.08901119016451713
0 0.34967991114191754 0.8129522223702832 0.09369693524410067 0.06301261529773874
0 0.34334593267001573 0.1866684409754752 0.09791693220230627 0.04886955456442143
0 0.017361553670510378 0.07295543318466323 0.03119693524410061 0.059372404830864915
0 0.05111943071000984 0.34231435623986717 0.07696796139209197 0.06443640478742661
0 0.09023599122455758 0.44891178130793147 0.08810564913709272 0.04350182987721004
0 0.35260412594172774 0.7375810887613288 0.0560720553377771 0.022450955413003834