0 0.1704673153451961 0.3153571900993598 0.034310730930601135 0.07379548175394185
0 0.2701287574036877 0.7207541656844056 0.0570382617321059 0.08947863153093667
0 0.32800321766547696 0.721710513807674 0.040829521864798934 0.03349012951807632
0 0.35660801923076924 0.511669326923077 0.37858031490384614 0.3979379447115384 0.27194546875000003 0.5540721899038462 0.2721566826923077 0.5573735600961538 0.28228129807692304 0.5997207524038461 0.35660801923076924 0.511669326923077
0 0.4181724768513836 0.3442711048424926 0.03285351037474845 0.054564712523172486
0 0.39140172677069845 0.3789287162013873 0.03154257963779181 0.0688477813513698
0 0.3651595030231651 0.3906797850513036 0.039700743697323744 0.05017704450011952
0 0.8084511030877132 0.38752511661558714 0.02382044621839441 0.03010622670007174
0 0.8333451139394276 0.40949789796695685 0.047969334825166174 0.09613013761295605
0 0.9611326160158064 0.3481286954212096 0.03875411809933027 0.06926780563600901
0 0.7888503510848744 0.7099205174207313 0.09327810660927992 0.09398259910797926
0 0.7953398413461539 1 0.7791192572115384 0.9474481298076923 0.7424559062499999 0.8049850024038462 0.7171923413461538 0.87403965625 0.7174722788461538 0.8754820721153845 0.7267628221153846 1 0.7953398413461539 1