0 0.1778846153846154 0.36899038461538464 0.10336538461538461 0.22716346153846154
0 0.3016826923076923 0.3473557692307692 0.17908653846153846 0.15625
0 0.40865384615384615 0.4050480769230769 0.06971153846153846 0.038461538461538464
0 0.6850961538461539 0.31009615384615385 0.06129807692307692 0.037259615384615384
0 0.6394230769230769 0.3762019230769231 0.06490384615384616 0.028846153846153848
0 0.828125 0.5060096153846154 0.06009615384615385 0.042067307692307696
0 0.5024038461538461 0.5516826923076923 0.042067307692307696 0.02403846153846154
0 0.5612980769230769 0.5612980769230769 0.07451923076923077 0.040865384615384616
0 0.4831730769230769 0.41947115384615385 0.055288461538461536 0.040865384615384616
0 0.5396634615384616 0.43028846153846156 0.05889423076923077 0.025240384615384616
0 0.45913461538461536 0.4579326923076923 0.04567307692307692 0.020432692307692308