0 0.2848557692307692 0.21153846153846154 0.10697115384615384 0.055288461538461536
0 0.5228365384615384 0.4098557692307692 0.1466346153846154 0.051682692307692304
0 0.09014423076923077 0.3629807692307692 0.07211538461538461 0.07451923076923077
0 0.7908653846153846 0.23798076923076922 0.11298076923076923 0.05889423076923077
0 0.28966346153846156 0.4699519230769231 0.10216346153846154 0.040865384615384616
0 0.9378468365384616 0.5885416658653846 0.8712541610576923 0.4833333341346154 0.7639659639423078 0.478125 0.8324084350961538 0.56875 0.8509064014423077 0.6291666658653846 0.9452460240384616 0.6364583341346154 0.9378468365384616 0.5885416658653846
0 0.815760266826923 0.3895833341346154 0.9729929711538462 0.4052083341346154 0.9433962259615385 0.35416666586538464 0.8065112836538462 0.35416666586538464 0.815760266826923 0.3895833341346154
0 0.4698483173076923 0.7958333341346153 0.3496115432692308 0.7625 0.34591194951923077 0.8354166658653847 0.44765075721153846 0.8583333341346153 0.4698483173076923 0.7958333341346153
0 0.5993340721153846 0.7979166658653847 0.5308916009615385 0.7052083341346154 0.19977802403846154 0.6739583341346154 0.15353311057692307 0.690625 0.18312985576923074 0.7593749999999999 0.2404735480769231 0.809375 0.3089160192307692 0.7927083341346154 0.3089160192307692 0.7958333341346153 0.31446540865384615 0.7926458341346153 0.29596744471153846 0.7916666658653846 0.2404735480769231 0.7104166658653847 0.5049944495192308 0.7375 0.5845357019230769 0.8187500000000001 0.5993340721153846 0.7979166658653847
0 0.9050480769230769 0.8413461538461539 0.051682692307692304 0.05889423076923077
0 0.9447115384615384 0.90625 0.08533653846153846 0.06129807692307692
0 0.4182692307692308 0.9134615384615384 0.10697115384615384 0.1201923076923077
0 0.6899038461538461 0.6346153846153846 0.10697115384615384 0.03125
0 0.8125 0.6899038461538461 0.19951923076923078 0.025240384615384616
0 0.15384615384615385 0.6490384615384616 0.10336538461538461 0.05048076923076923
0 0.08653846153846154 0.6875 0.054086538461538464 0.04447115384615385
0 0.6947115384615384 0.8137019230769231 0.06129807692307692 0.04927884615384615
0 0.8112980769230769 0.8305288461538461 0.057692307692307696 0.0673076923076923
0 0.6923076923076923 0.53125 0.0829326923076923 0.09615384615384616