0 0.6351228790436773 0.9511680070190078 0.0825211236235274 0.09766398596198436
0 0.6412345135802588 0.8118938454505992 0.032093020932415166 0.07088692916051187
0 0.61015576890862 0.8658110178402585 0.0317571381303881 0.0636753906989734
0 0.5770550995701238 0.7732894732951312 0.048643355601663336 0.11714770143307536
0 0.5299891388266293 0.8445498472642355 0.045903626645790126 0.10983821374662248
0 0.43909065056755925 0.4125738066677208 0.08890289686204114 0.26034591365880083
0 0.33525771680100536 0.527107501549498 0.026277680218641672 0.04905641532606763
0 0.31602694757023614 0.5263239077501823 0.028681526372487828 0.04915436455098206
0 0.2825113956202274 0.5021650547522989 0.03606432016238747 0.10463872453927245
0 0.3014326153187981 0.47054570008714863 0.023873834064795655 0.048958466101153064
0 0.30567718902909774 0.4071376246849689 0.032428903734442224 0.07809846762205033
0 0.21705105872368383 0.5390859379931559 0.04511990010772705 0.09301129066969939
0 0.17378514188180064 0.5889075950274736 0.05451136285509362 0.08859539526166507
0 0.16103485111416374 0.5212081058201236 0.02482881593121984 0.12097590149162325
0 0.13758584144292327 0.5586411774200604 0.03388439587655935 0.10934846762205033