0 0.7274860886310983 0.2424317118498796 0.09023980021545423 0.1874525829182198
0 0.7571456162124911 0.20077257417176617 0.12003430807333697 0.15802268815165676
0 0.6472863192756316 0.7740672948984142 0.11925058153527382 0.1411957650747337
0 0.6017942613140064 0.9844890564035289 0.13238279378989964 0.031021887192942188
0 0.9068324677146214 0.9803274995656174 0.07776609785549209 0.03934500086876533
0 0.8611628828678443 0.5033060477439517 0.06675451549234222 0.09498636431302779
0 0.5068918689983448 0.6574237282351114 0.09224846917292104 0.12763644526182544
0 0.5157334688577092 0.5193425824838372 0.05781089648101187 0.10884940885658564
0 0.428101731248986 0.5636511412694516 0.06060329197654195 0.06586019427711448
0 0.4825044470974182 0.4306339954747393 0.062282705986677116 0.10191788658480679
0 0.5529800066818864 0.28891151768136086 0.10918735318385327 0.13102034807983
0 0.3827711649826313 0.4501340482000534 0.09292023477697516 0.14205952218490234
0 0.3933973337824923 0.8171287566757861 0.03768443977817061 0.08849857486677838
0 0.2306239524127936 0.9709717873247936 0.029353291976541948 0.05805642535041281
0 0.012830858466319966 0.49652238459366554 0.02566171693263993 0.18521245340014347