0 0.18962815399159455 0.46480938809682504 0.03996312477350413 0.07231117696479175
0 0.36151568455078215 0.6856493693299878 0.06036530573490003 0.11327445775487988
0 0.3129456796930191 0.44630584759242525 0.10856209410584022 0.14238632978951493
0 0.37580527557507015 0.5331659679906271 0.14600150743148121 0.18585135290815286
0 0.4533140583634605 0.5540391930844856 0.0408043619227918 0.08192656158017637
0 0.5044551767569077 0.6168049112729667 0.01517387007905969 0.0361276181467661
0 0.498626449358902 0.5639133033044439 0.03389357674188012 0.057860129706085124
0 0.5303422899301984 0.5556886415314821 0.02761371942293436 0.04100523629353248
0 0.5610643366207251 0.7420706294614478 0.023226645689885955 0.04578495826559521
0 0.5899104904668789 0.7422384514752255 0.03515543246581183 0.07228320662916204
0 0.6770515486121783 0.5985880667087702 0.03671804147037031 0.06268180718159236
0 0.5481619168423069 0.45728478606975254 0.02740341013561248 0.038601390139686456
0 0.5407863811356831 0.3455199250837212 0.02584080113105413 0.04820278958725629
0 0.8744540659034179 0.4519752304310264 0.033262648879914335 0.0506485912445468