0 0.8320573380530499 0.5035764783314977 0.036592322901279534 0.07368283769151077
0 0.670450753204147 0.7164188820988486 0.05508438280174816 0.11533194884495838
0 0.7078409318523655 0.4785237405322599 0.10193285042379877 0.14630536043728362
0 0.6490262982169838 0.5624871005885143 0.13734978262610462 0.1911420442826404
0 0.5724725759590572 0.5793930234749226 0.03698411980093738 0.08329822230689538
0 0.5242528191882045 0.6397657657287514 0.01348846914294746 0.03661749697773741
0 0.5276096252132455 0.5869371308111405 0.031196935244100662 0.059035838900415666
0 0.495500524423523 0.5770121966635574 0.025703598362007085 0.04198499395547482
0 0.4734863825695763 0.7626385079825801 0.02109180450414377 0.046568764395149086
0 0.4446402287234225 0.7612949767744721 0.03178463059358723 0.07345891582349286
0 0.350757566833674 0.6124178287823289 0.03379667984777567 0.06395549214211713
0 0.4730741349527077 0.4772229340817659 0.025605649137092658 0.03958114780162853
0 0.4752249277573834 0.3653321269939108 0.02359359988290435 0.04908457148300426
0 0.14644490570437413 0.4547847085950019 0.03090308756935724 0.05182430043887734