0 0.6694711538461539 0.06370192307692307 0.046875 0.036057692307692304
0 0.5733173076923077 0.0829326923076923 0.07572115384615384 0.054086538461538464
0 0.4483173076923077 0.38822115384615385 0.057692307692307696 0.025240384615384616
0 0.7175480769230769 0.29447115384615385 0.057692307692307696 0.036057692307692304
0 0.33653846153846156 0.5637019230769231 0.037259615384615384 0.019230769230769232
0 0.4375 0.8016826923076923 0.036057692307692304 0.014423076923076924
0 0.36538461538461536 0.7704326923076923 0.027644230769230768 0.018028846153846152
0 0.18870192307692307 0.7463942307692307 0.038461538461538464 0.015625
0 0.8810096153846154 0.8197115384615384 0.03245192307692308 0.020432692307692308
0 0.9050480769230769 0.7788461538461539 0.03245192307692308 0.016826923076923076
0 0.10216346153846154 0.38822115384615385 0.04807692307692308 0.010817307692307692