0 0.43311861345048414 0.8752910504086029 0.022333897444055603 0.06072565686092938
0 0.434263751897338 0.7671879182649455 0.023033179503495822 0.12082181070708323
0 0.4276938687998563 0.6156057210137988 0.02784087181118813 0.12096170026592236
0 0.4343591251897175 0.4656101431263824 0.03253667898936996 0.11148620520937659
0 0.4247560420848936 0.25987146263427774 0.027812900528810375 0.11855785411207606
0 0.5189395969617465 0.299858924416254 0.04637235898251701 0.061425104655124546
0 0.46411434571314353 0.5445744804794165 0.06361885129510424 0.09797241041875346
0 0.5678853139230035 0.5824378752252246 0.03706465847328607 0.08758763322975419
0 0.45407854979678075 0.4049065968283714 0.022361868726433223 0.06312950301477553
0 0.4260122235959437 0.058053302880330095 0.02990906257650285 0.09218549119918797
0 0.6560986841428652 0.31586500761239683 0.09671327180139827 0.05087471425370346