0 0.5576923076923077 0.44591346153846156 0.15264423076923078 0.08653846153846154
0 0.5216346153846154 0.5336538461538461 0.12860576923076922 0.04927884615384615
0 0.9399038461538461 0.5432692307692307 0.11778846153846154 0.06370192307692307
0 0.6237980769230769 0.21875 0.16826923076923078 0.11057692307692307
0 0.6850961538461539 0.26322115384615385 0.09134615384615384 0.0889423076923077
0 0.7740384615384616 0.33413461538461536 0.06850961538461539 0.08774038461538461
0 0.9098557692307693 0.34134615384615385 0.14182692307692307 0.0673076923076923
0 0.34615384615384615 0.33052884615384615 0.18629807692307693 0.1935096153846154
0 0.18269230769230768 0.42427884615384615 0.08653846153846154 0.06610576923076923
0 0.2800480769230769 0.17908653846153846 0.10697115384615384 0.08052884615384616
0 0.33533653846153844 0.3269230769230769 0.10697115384615384 0.10576923076923077
0 0.3557692307692308 0.71875 0.055288461538461536 0.12259615384615384