0 0.42933293572537334 0.4253126496808034 0.15636416590525626 0.0937039613150383
0 0.4628376435842535 0.5113736202860528 0.1312065878960825 0.05412281351340963
0 0.05204607329951456 0.5404702074190055 0.10409214659902911 0.06798608576644145
0 0.3698369481497477 0.2012281138275897 0.17148669062252828 0.11841418845755389
0 0.30724489280740985 0.24855427149097337 0.09393411068467568 0.09319682318465013
0 0.21623921412222666 0.3236102875877683 0.06982570436679471 0.08967336769071384
0 0.08021207209166044 0.3371476188208159 0.14378537690066934 0.07391338741422396
0 0.6442287466759713 0.3000754721033951 0.19309558235356078 0.20104064516039521
0 0.8049624387401489 0.38621212859078224 0.0884969153622077 0.07133828593201677
0 0.7147410370101697 0.14555423872583956 0.10814735326949404 0.08665705032716572
0 0.6551509715374083 0.2959658786695853 0.10884680106368914 0.11069551186562726
0 0.6233172801843359 0.688744469685585 0.05885564528885659 0.12517125532836104