0 0.3605769230769231 0.6514423076923077 0.1971153846153846 0.12980769230769232
0 0.09615384615384616 0.4014423076923077 0.038461538461538464 0.02403846153846154
0 0.4855769230769231 0.025240384615384616 0.0673076923076923 0.03365384615384615
0 0.5661057692307693 0.36778846153846156 0.15144230769230768 0.08173076923076923
0 0.8052884615384616 0.3762019230769231 0.16105769230769232 0.11057692307692307
0 0.6742788461538461 0.7055288461538461 0.17067307692307693 0.09615384615384616
0 0.8942307692307693 0.7896634615384616 0.09615384615384616 0.08173076923076923
0 0.7740384615384616 0.9699519230769231 0.038461538461538464 0.026442307692307692
0 0.5252403846153846 0.9759615384615384 0.10817307692307693 0.04326923076923077
0 0.23197115384615385 0.9783653846153846 0.18509615384615385 0.038461538461538464
0 0.026442307692307692 0.6875 0.052884615384615384 0.08173076923076923